Year	BMAT_Section_1	BMAT_Section_2	Offer	BMAT_all	Score	College_ID
2017	9	9	FALSE	18	4.295038755868125	26
2017	9	8	FALSE	17	3.764433161657933	25
2017	4.7	5.3	FALSE	10	0.05019400218658709	13
2017	4.3	4.7	FALSE	9	-0.48041159202360517	2
2017	6.1	4.9	FALSE	11	0.5807995963967794	6
2017	4.3	4.7	FALSE	9	-0.48041159202360517	9
2017	6.1	4.5	FALSE	10.6	0.3685573587127023	4
2017	3.8	4.9	FALSE	8.7	-0.6395932702866632	12
2017	5.9	5.5	TRUE	11.4	0.7930418340808565	25
2017	5.4	5.5	FALSE	10.9	0.5277390369757603	14
2017	4.3	4.5	FALSE	8.8	-0.5865327108656433	11
2017	5.2	6	TRUE	11.2	0.6869207152388175	25
2017	5.2	5.1	TRUE	10.3	0.20937568044964514	25
2017	6.3	5.5	FALSE	11.8	1.0052840717649336	12
2017	4.7	4.5	FALSE	9.2	-0.3742904731815671	5
2017	5.4	5.1	TRUE	10.5	0.3154967992916832	2
2017	4.9	5.1	TRUE	10	0.05019400218658709	7
2017	5.9	5.3	FALSE	11.2	0.6869207152388175	1
2017	5.6	5.5	FALSE	11.1	0.6338601558177984	9
2017	4.7	5.1	TRUE	9.8	-0.05592711665545099	21
2017	4	5.1	FALSE	9.1	-0.42735103260258617	1
2017	4.9	4.9	FALSE	9.8	-0.05592711665545099	17
2017	4.5	5.1	FALSE	9.6	-0.16204823549749	5
2017	4.9	5.3	FALSE	10.2	0.15631512102862516	17
2017	3.5	5.5	FALSE	9	-0.48041159202360517	11
2017	3.5	4.9	FALSE	8.4	-0.7987749485497203	6
2017	5.9	5.7	TRUE	11.600000000000001	0.8991629529228955	3
2017	3.5	4.1	FALSE	7.6	-1.2232594239178745	12
2017	5.6	6	FALSE	11.6	0.8991629529228945	4
2017	6.6	4.7	FALSE	11.3	0.7399812746598374	11
2017	4.5	4.5	FALSE	9	-0.48041159202360517	25
2017	5.2	6	TRUE	11.2	0.6869207152388175	9
2017	5.6	3.9	FALSE	9.5	-0.21510879491850904	23
2017	5.2	6.5	TRUE	11.7	0.9522235123439136	5
2017	5.6	5.5	TRUE	11.1	0.6338601558177984	6
2017	6.3	4.9	FALSE	11.2	0.6869207152388175	9
2017	5.9	5.1	FALSE	11	0.5807995963967794	1
2017	6.1	5.7	FALSE	11.8	1.0052840717649336	6
2017	4.7	5.3	FALSE	10	0.05019400218658709	26
2017	3.5	5.1	FALSE	8.6	-0.6926538297076823	27
2017	4.3	3.9	FALSE	8.2	-0.9048960673917593	14
2017	7.4	5.1	TRUE	12.5	1.3767079877120678	25
2017	6.9	5.5	FALSE	12.4	1.3236474282910486	9
2017	3.5	3.4	FALSE	6.9	-1.5946833398650087	24
2017	6.3	6	TRUE	12.3	1.2705868688700297	28
2017	6.9	5.7	TRUE	12.600000000000001	1.4297685471330877	3
2017	3.8	4.7	FALSE	8.5	-0.7457143891287014	23
2017	4.3	4.3	FALSE	8.6	-0.6926538297076823	3
2017	4.9	5.1	TRUE	10	0.05019400218658709	9
2017	7.8	6.5	FALSE	14.3	2.3317980572904142	23
2017	5.6	5.3	TRUE	10.899999999999999	0.5277390369757594	10
2017	6.9	6.7	TRUE	13.600000000000001	1.96037414134328	27
2017	5.9	6.5	TRUE	12.4	1.3236474282910486	21
2017	5.9	5.1	FALSE	11	0.5807995963967794	17
2017	6.6	5.1	TRUE	11.7	0.9522235123439136	25
2017	4.7	5.5	FALSE	10.2	0.15631512102862516	6
2017	6.6	6.2	TRUE	12.8	1.5358896659751258	27
2017	7.1	7.5	TRUE	14.6	2.4909797355534713	25
2017	5.9	4.7	FALSE	10.600000000000001	0.36855735871270323	3
2017	6.3	7.1	TRUE	13.399999999999999	1.8542530225012401	6
2017	6.6	6.5	TRUE	13.1	1.6950713442381828	26
2017	5.6	6	FALSE	11.6	0.8991629529228945	23
2017	4	4.1	FALSE	8.1	-0.9579566268127784	5
2017	7.1	6	TRUE	13.1	1.6950713442381828	1
2017	4.9	5.1	FALSE	10	0.05019400218658709	1
2017	6.1	6	TRUE	12.1	1.1644657500279907	6
2017	5.2	4.9	FALSE	10.100000000000001	0.10325456160760707	9
2017	4.5	4.5	FALSE	9	-0.48041159202360517	11
2017	5.2	6	TRUE	11.2	0.6869207152388175	21
2017	5.4	4.9	FALSE	10.3	0.20937568044964514	22
2017	4.7	4.7	FALSE	9.4	-0.2681693543395281	9
2017	5.4	5.5	FALSE	10.9	0.5277390369757603	5
2017	3.5	6.5	FALSE	10	0.05019400218658709	12
2017	3.3	5.1	FALSE	8.399999999999999	-0.7987749485497213	11
2017	6.1	6	TRUE	12.1	1.1644657500279907	9
2017	2.7	4.3	FALSE	7	-1.5416227804439897	9
2017	4.3	4.1	FALSE	8.399999999999999	-0.7987749485497213	25
2017	5.4	6.2	TRUE	11.600000000000001	0.8991629529228955	25
2017	4.9	6	FALSE	10.9	0.5277390369757603	3
2017	3.5	3.4	FALSE	6.9	-1.5946833398650087	23
2017	4.3	5.1	FALSE	9.399999999999999	-0.26816935433952904	16
2017	5.9	4.7	TRUE	10.600000000000001	0.36855735871270323	12
2017	6.6	7.1	TRUE	13.7	2.0134347007642983	9
2017	6.1	6.5	TRUE	12.6	1.4297685471330868	9
2017	3.8	4.3	FALSE	8.1	-0.9579566268127784	25
2017	6.3	6.2	TRUE	12.5	1.3767079877120678	26
2017	6.3	6	TRUE	12.3	1.2705868688700297	12
2017	5.6	5.5	TRUE	11.1	0.6338601558177984	19
2017	6.3	5.3	TRUE	11.6	0.8991629529228945	25
2017	5.4	5.1	FALSE	10.5	0.3154967992916832	16
2017	4.9	5.5	FALSE	10.4	0.26243623987066417	5
2017	6.1	5.3	FALSE	11.399999999999999	0.7930418340808555	9
2017	5.4	4.7	FALSE	10.100000000000001	0.10325456160760707	25
2017	4.7	4.9	FALSE	9.600000000000001	-0.16204823549748906	12
2017	7.4	5.7	TRUE	13.100000000000001	1.695071344238184	11
2017	5.6	5.3	FALSE	10.899999999999999	0.5277390369757594	16
2017	6.1	6.7	TRUE	12.8	1.5358896659751258	6
2017	3.8	4.9	FALSE	8.7	-0.6395932702866632	20
2017	5.6	4.3	FALSE	9.899999999999999	-0.002866557234432892	4
2017	6.6	8	TRUE	14.6	2.4909797355534713	5
2017	4.9	3.7	FALSE	8.600000000000001	-0.6926538297076813	12
2017	7.4	7.1	TRUE	14.5	2.437919176132452	12
2017	4.9	5.5	TRUE	10.4	0.26243623987066417	17
2017	5.9	4.9	TRUE	10.8	0.4746784775547413	7
2017	5.2	4.5	FALSE	9.7	-0.10898767607647097	20
2017	5.6	5.5	FALSE	11.1	0.6338601558177984	6
2017	5.9	6.5	TRUE	12.4	1.3236474282910486	26
2017	5.4	5.3	FALSE	10.7	0.4216179181337213	9
2017	4.7	3.2	FALSE	7.9	-1.0640777456548165	5
2017	6.3	5.5	TRUE	11.8	1.0052840717649336	6
2017	4.5	4.9	FALSE	9.4	-0.2681693543395281	5
2017	6.1	4.9	TRUE	11	0.5807995963967794	6
2017	3.3	4.9	FALSE	8.2	-0.9048960673917593	27
2017	6.3	4.5	FALSE	10.8	0.4746784775547413	12
2017	5.9	5.3	FALSE	11.2	0.6869207152388175	20
2017	3.8	5.1	FALSE	8.899999999999999	-0.5334721514446251	15
2017	5.2	4.3	FALSE	9.5	-0.21510879491850904	1
2017	4.5	4.5	FALSE	9	-0.48041159202360517	12
2017	4.5	6	FALSE	10.5	0.3154967992916832	9
2017	7.1	6.5	TRUE	13.6	1.9603741413432791	1
2017	5.2	6.5	TRUE	11.7	0.9522235123439136	9
2017	4	5.5	FALSE	9.5	-0.21510879491850904	20
2017	6.1	5.7	FALSE	11.8	1.0052840717649336	4
2017	6.3	5.1	TRUE	11.399999999999999	0.7930418340808555	17
2017	4	4.7	FALSE	8.7	-0.6395932702866632	12
2017	4.5	5.1	FALSE	9.6	-0.16204823549749	10
2017	4.9	3.9	FALSE	8.8	-0.5865327108656433	26
2017	6.1	6.7	TRUE	12.8	1.5358896659751258	12
2017	4	3.7	FALSE	7.7	-1.170198864496855	23
2017	4.7	4.9	FALSE	9.600000000000001	-0.16204823549748906	23
2017	4.7	4.3	FALSE	9	-0.48041159202360517	23
2017	5.4	6.5	TRUE	11.9	1.0583446311859526	9
2017	4.5	5.5	FALSE	10	0.05019400218658709	15
2017	5.4	6	TRUE	11.4	0.7930418340808565	20
2017	4.9	6	TRUE	10.9	0.5277390369757603	9
2017	4.5	7.1	TRUE	11.6	0.8991629529228945	20
2017	6.9	6.5	TRUE	13.4	1.854253022501241	4
2017	3.5	4.1	FALSE	7.6	-1.2232594239178745	21
2017	5.2	5.3	FALSE	10.5	0.3154967992916832	3
2017	7.1	6.7	TRUE	13.8	2.066495260185318	6
2017	5.9	4.7	TRUE	10.600000000000001	0.36855735871270323	1
2017	5.9	4.7	FALSE	10.600000000000001	0.36855735871270323	3
2017	7.4	6.7	TRUE	14.100000000000001	2.2256769384483763	5
2017	4.7	4.3	FALSE	9	-0.48041159202360517	22
2017	3.5	3.7	FALSE	7.2	-1.4355016616019511	12
2017	5.9	5.3	TRUE	11.2	0.6869207152388175	2
2017	5.6	4.9	TRUE	10.5	0.3154967992916832	26
2017	7.4	6.7	TRUE	14.100000000000001	2.2256769384483763	9
2017	4.7	6.5	TRUE	11.2	0.6869207152388175	9
2017	6.3	6.2	TRUE	12.5	1.3767079877120678	9
2017	7.4	7.1	TRUE	14.5	2.437919176132452	23
2017	6.9	6.5	TRUE	13.4	1.854253022501241	7
2017	3.5	4.9	FALSE	8.4	-0.7987749485497203	14
2017	4.7	6	TRUE	10.7	0.4216179181337213	19
2017	4.9	5.1	FALSE	10	0.05019400218658709	12
2017	3.8	3.4	FALSE	7.199999999999999	-1.4355016616019516	28
2017	5.4	4.3	FALSE	9.7	-0.10898767607647097	3
2017	5.2	6.2	FALSE	11.4	0.7930418340808565	4
2017	5.4	5.3	TRUE	10.7	0.4216179181337213	6
2017	5.9	5.5	TRUE	11.4	0.7930418340808565	25
2017	4	4.5	TRUE	8.5	-0.7457143891287014	10
2017	4.3	4.1	FALSE	8.399999999999999	-0.7987749485497213	21
2017	3	4.5	FALSE	7.5	-1.2763199833388936	12
2017	6.1	5.1	FALSE	11.2	0.6869207152388175	11
2017	4.5	5.1	TRUE	9.6	-0.16204823549749	12
2017	4.7	3.7	FALSE	8.4	-0.7987749485497203	5
2017	4	3.9	FALSE	7.9	-1.0640777456548165	9
2017	5.6	4.9	FALSE	10.5	0.3154967992916832	26
2017	5.6	5.3	TRUE	10.899999999999999	0.5277390369757594	25
2017	4	5.1	FALSE	9.1	-0.42735103260258617	27
2017	6.3	6.2	TRUE	12.5	1.3767079877120678	27
2017	5.6	6	TRUE	11.6	0.8991629529228945	6
2017	6.1	4.7	FALSE	10.8	0.4746784775547413	21
2017	6.1	5.5	TRUE	11.6	0.8991629529228945	3
2017	5.2	4.7	FALSE	9.9	-0.0028665572344319496	25
2017	5.9	6	FALSE	11.9	1.0583446311859526	17
2017	4.9	5.3	FALSE	10.2	0.15631512102862516	28
2017	5.4	6	TRUE	11.4	0.7930418340808565	22
2017	6.6	6.5	TRUE	13.1	1.6950713442381828	27
2017	5.6	5.1	FALSE	10.7	0.4216179181337213	6
2017	5.6	5.7	FALSE	11.3	0.7399812746598374	6
2017	4.9	6.7	TRUE	11.600000000000001	0.8991629529228955	9
2017	6.6	8	TRUE	14.6	2.4909797355534713	9
2017	5.9	6	TRUE	11.9	1.0583446311859526	11
2017	4.9	3.9	FALSE	8.8	-0.5865327108656433	23
2017	6.6	5.3	FALSE	11.899999999999999	1.0583446311859517	3
2017	4.9	5.3	FALSE	10.2	0.15631512102862516	14
2017	9	6.5	TRUE	15.5	2.9685247703426447	6
2017	6.6	6	TRUE	12.6	1.4297685471330868	3
2017	4.9	4.5	FALSE	9.4	-0.2681693543395281	15
2017	4.5	5.5	FALSE	10	0.05019400218658709	6
2017	3.5	4.5	FALSE	8	-1.0110171862337975	1
2017	7.8	5.7	FALSE	13.5	1.90731358192226	9
2017	4	2.5	FALSE	6.5	-1.8069255775490858	10
2017	6.1	5.1	TRUE	11.2	0.6869207152388175	9
2017	5.4	6.7	FALSE	12.100000000000001	1.1644657500279916	25
2017	4.7	4.5	FALSE	9.2	-0.3742904731815671	3
2017	5.4	4.7	FALSE	10.100000000000001	0.10325456160760707	23
2017	4.9	3.2	FALSE	8.100000000000001	-0.9579566268127775	5
2017	4.7	4.7	FALSE	9.4	-0.2681693543395281	17
2017	4.3	5.5	FALSE	9.8	-0.05592711665545099	23
2017	6.3	5.7	FALSE	12	1.1114051906069715	18
2017	4.7	4.5	FALSE	9.2	-0.3742904731815671	3
2017	5.6	5.3	FALSE	10.899999999999999	0.5277390369757594	9
2017	3.8	4.7	FALSE	8.5	-0.7457143891287014	1
2017	5.9	6.2	TRUE	12.100000000000001	1.1644657500279916	3
2017	6.6	5.1	FALSE	11.7	0.9522235123439136	9
2017	5.4	4.1	FALSE	9.5	-0.21510879491850904	17
2017	4	5.1	FALSE	9.1	-0.42735103260258617	22
2017	5.6	5.5	FALSE	11.1	0.6338601558177984	6
2017	3.5	3.4	FALSE	6.9	-1.5946833398650087	13
2017	6.1	3.9	FALSE	10	0.05019400218658709	27
2017	5.6	6.7	TRUE	12.3	1.2705868688700297	9
2017	6.6	4.9	FALSE	11.5	0.8461023935018754	25
2017	3.5	5.3	FALSE	8.8	-0.5865327108656433	7
2017	4.3	5.1	FALSE	9.399999999999999	-0.26816935433952904	10
2017	4.7	4.9	FALSE	9.600000000000001	-0.16204823549748906	8
2017	4.3	4.5	FALSE	8.8	-0.5865327108656433	16
2017	6.3	5.5	FALSE	11.8	1.0052840717649336	1
2017	5.4	6.7	TRUE	12.100000000000001	1.1644657500279916	7
2017	6.1	5.3	FALSE	11.399999999999999	0.7930418340808555	5
2017	4.9	4.9	FALSE	9.8	-0.05592711665545099	9
2017	5.4	4.3	TRUE	9.7	-0.10898767607647097	25
2017	7.1	6.2	TRUE	13.3	1.8011924630802219	27
2017	5.9	7.1	TRUE	13	1.642010784817164	3
2017	4.9	4.3	FALSE	9.2	-0.3742904731815671	23
2017	4.7	6	TRUE	10.7	0.4216179181337213	5
2017	5.6	5.7	FALSE	11.3	0.7399812746598374	7
2017	5.9	6.5	FALSE	12.4	1.3236474282910486	19
2017	7.1	6.2	TRUE	13.3	1.8011924630802219	9
2017	5.2	5.7	TRUE	10.9	0.5277390369757603	23
2017	4.7	5.5	FALSE	10.2	0.15631512102862516	3
2017	4.7	4.3	FALSE	9	-0.48041159202360517	2
2017	6.1	3.4	FALSE	9.5	-0.21510879491850904	3
2017	4.7	5.3	FALSE	10	0.05019400218658709	4
2017	3.3	4.3	FALSE	7.6	-1.2232594239178745	12
2017	4	4.7	TRUE	8.7	-0.6395932702866632	21
2017	4.7	5.7	FALSE	10.4	0.26243623987066417	14
2017	6.1	4.7	FALSE	10.8	0.4746784775547413	5
2017	6.6	5.3	FALSE	11.899999999999999	1.0583446311859517	11
2017	4.9	6.7	FALSE	11.600000000000001	0.8991629529228955	17
2017	5.6	4.5	FALSE	10.1	0.10325456160760613	1
2017	6.9	5.1	TRUE	12	1.1114051906069715	9
2017	5.9	6	TRUE	11.9	1.0583446311859526	21
2017	5.9	5.7	TRUE	11.600000000000001	0.8991629529228955	9
2017	6.6	6.2	TRUE	12.8	1.5358896659751258	9
2017	5.4	6	TRUE	11.4	0.7930418340808565	19
2017	6.3	4.3	FALSE	10.6	0.3685573587127023	5
2017	4.3	3.9	FALSE	8.2	-0.9048960673917593	18
2017	5.4	5.1	TRUE	10.5	0.3154967992916832	19
2017	4.7	4.1	FALSE	8.8	-0.5865327108656433	9
2017	5.6	6.5	TRUE	12.1	1.1644657500279907	23
2017	6.3	6	FALSE	12.3	1.2705868688700297	9
2017	5.4	6.2	TRUE	11.600000000000001	0.8991629529228955	9
2017	4.9	5.3	FALSE	10.2	0.15631512102862516	6
2017	5.4	5.1	FALSE	10.5	0.3154967992916832	9
2017	4.9	4.9	FALSE	9.8	-0.05592711665545099	9
2017	4.3	4.5	FALSE	8.8	-0.5865327108656433	23
2017	3.8	5.5	FALSE	9.3	-0.3212299137605471	7
2017	4.9	5.3	FALSE	10.2	0.15631512102862516	6
2017	7.1	6.5	TRUE	13.6	1.9603741413432791	3
2017	5.4	5.1	FALSE	10.5	0.3154967992916832	11
2017	3.8	3.9	FALSE	7.699999999999999	-1.1701988644968555	25
2017	5.4	3.7	FALSE	9.100000000000001	-0.4273510326025852	8
2017	5.2	4.9	FALSE	10.100000000000001	0.10325456160760707	19
2017	7.8	6.7	TRUE	14.5	2.437919176132452	6
2017	6.1	6.7	TRUE	12.8	1.5358896659751258	6
2017	5.9	5.5	FALSE	11.4	0.7930418340808565	5
2017	5.2	3.7	FALSE	8.9	-0.5334721514446242	14
2017	5.2	6.2	TRUE	11.4	0.7930418340808565	23
2017	5.9	6	FALSE	11.9	1.0583446311859526	21
2017	6.6	6	TRUE	12.6	1.4297685471330868	7
2017	6.1	6	TRUE	12.1	1.1644657500279907	19
2017	3.8	5.1	FALSE	8.899999999999999	-0.5334721514446251	9
2017	3.3	4.1	FALSE	7.3999999999999995	-1.329380542759913	4
2017	5.2	4.9	FALSE	10.100000000000001	0.10325456160760707	2
2017	6.1	4.3	FALSE	10.399999999999999	0.2624362398706632	5
2017	6.9	6.2	TRUE	13.100000000000001	1.695071344238184	2
2017	4.7	4.9	FALSE	9.600000000000001	-0.16204823549748906	9
2017	9	6.7	FALSE	15.7	3.0746458891846826	9
2017	6.9	4.5	FALSE	11.4	0.7930418340808565	9
2017	5.6	5.3	FALSE	10.899999999999999	0.5277390369757594	6
2017	5.2	6.2	TRUE	11.4	0.7930418340808565	17
2017	3.8	4.3	FALSE	8.1	-0.9579566268127784	17
2017	3.8	5.5	FALSE	9.3	-0.3212299137605471	10
2017	4	3.7	TRUE	7.7	-1.170198864496855	21
2017	4.7	5.5	FALSE	10.2	0.15631512102862516	4
2017	7.1	5.3	FALSE	12.399999999999999	1.3236474282910478	22
2017	5.9	5.5	FALSE	11.4	0.7930418340808565	18
2017	5.9	4.7	FALSE	10.600000000000001	0.36855735871270323	9
2017	6.6	6.5	FALSE	13.1	1.6950713442381828	9
2017	5.9	5.3	TRUE	11.2	0.6869207152388175	3
2017	5.4	5.5	FALSE	10.9	0.5277390369757603	1
2017	5.4	4.7	FALSE	10.100000000000001	0.10325456160760707	19
2017	5.6	5.3	FALSE	10.899999999999999	0.5277390369757594	20
2017	5.6	4.7	FALSE	10.3	0.20937568044964514	17
2017	6.1	5.5	TRUE	11.6	0.8991629529228945	1
2017	5.9	5.3	TRUE	11.2	0.6869207152388175	12
2017	4.7	5.3	TRUE	10	0.05019400218658709	20
2017	4	4.5	FALSE	8.5	-0.7457143891287014	11
2017	4.7	4.3	FALSE	9	-0.48041159202360517	19
2017	4.9	4.1	TRUE	9	-0.48041159202360517	14
2017	4.5	6	TRUE	10.5	0.3154967992916832	1
2017	5.2	3.7	FALSE	8.9	-0.5334721514446242	7
2017	4	4.1	FALSE	8.1	-0.9579566268127784	8
2017	6.1	4.9	TRUE	11	0.5807995963967794	3
2017	6.9	7.5	TRUE	14.4	2.3848586167114334	5
2017	3.5	4.1	FALSE	7.6	-1.2232594239178745	10
2017	4.9	5.1	FALSE	10	0.05019400218658709	16
2017	6.1	6	TRUE	12.1	1.1644657500279907	26
2017	5.4	4.1	FALSE	9.5	-0.21510879491850904	17
2017	6.9	6	TRUE	12.9	1.588950225396145	25
2017	5.2	4.5	FALSE	9.7	-0.10898767607647097	3
2017	5.2	5.3	FALSE	10.5	0.3154967992916832	21
2017	5.9	7.1	TRUE	13	1.642010784817164	5
2017	4	5.1	FALSE	9.1	-0.42735103260258617	17
2017	4.7	4.9	FALSE	9.600000000000001	-0.16204823549748906	11
2017	8.1	4.5	TRUE	12.6	1.4297685471330868	22
2017	5.4	5.7	FALSE	11.100000000000001	0.6338601558177993	22
2017	4.5	4.5	FALSE	9	-0.48041159202360517	27
2017	3.8	4.9	FALSE	8.7	-0.6395932702866632	14
2017	3.5	3.2	FALSE	6.7	-1.7008044587070472	25
2017	5.6	4.9	FALSE	10.5	0.3154967992916832	27
2017	4.9	4.9	FALSE	9.8	-0.05592711665545099	15
2017	6.3	5.7	TRUE	12	1.1114051906069715	3
2017	4	4.7	FALSE	8.7	-0.6395932702866632	3
2017	5.4	4.5	FALSE	9.9	-0.0028665572344319496	5
2017	5.4	5.5	FALSE	10.9	0.5277390369757603	5
2017	6.1	4.9	FALSE	11	0.5807995963967794	5
2017	7.8	5.7	TRUE	13.5	1.90731358192226	6
2017	3.3	4.1	FALSE	7.3999999999999995	-1.329380542759913	6
2017	6.1	5.5	FALSE	11.6	0.8991629529228945	6
2017	4.3	6.7	FALSE	11	0.5807995963967794	6
2017	5.9	5.1	FALSE	11	0.5807995963967794	7
2017	4.7	4.7	FALSE	9.4	-0.2681693543395281	8
2017	4	4.7	FALSE	8.7	-0.6395932702866632	8
2017	4.5	4.7	FALSE	9.2	-0.3742904731815671	10
2017	6.1	5.1	FALSE	11.2	0.6869207152388175	9
2017	6.3	6.5	TRUE	12.8	1.5358896659751258	9
2017	4.9	4.5	FALSE	9.4	-0.2681693543395281	9
2017	5.9	5.3	FALSE	11.2	0.6869207152388175	9
2017	6.1	4.3	FALSE	10.399999999999999	0.2624362398706632	9
2017	4.5	5.1	FALSE	9.6	-0.16204823549749	9
2017	5.4	5.1	FALSE	10.5	0.3154967992916832	4
2017	2.7	3.7	FALSE	6.4	-1.859986136970105	11
2017	6.3	5.3	TRUE	11.6	0.8991629529228945	11
2017	7.8	6	TRUE	13.8	2.066495260185318	12
2017	5.4	5.1	TRUE	10.5	0.3154967992916832	12
2017	7.1	6.2	TRUE	13.3	1.8011924630802219	14
2017	4.7	4.5	FALSE	9.2	-0.3742904731815671	14
2017	4.5	4.7	FALSE	9.2	-0.3742904731815671	16
2017	5.6	4.5	TRUE	10.1	0.10325456160760613	16
2017	5.9	4.9	FALSE	10.8	0.4746784775547413	8
2017	4.3	5.1	FALSE	9.399999999999999	-0.26816935433952904	18
2017	3.3	4.3	FALSE	7.6	-1.2232594239178745	1
2017	7.1	6.2	TRUE	13.3	1.8011924630802219	1
2017	6.1	6.2	TRUE	12.3	1.2705868688700297	1
2017	6.3	5.1	TRUE	11.399999999999999	0.7930418340808555	1
2017	5.4	4.5	FALSE	9.9	-0.0028665572344319496	1
2017	5.6	4.7	TRUE	10.3	0.20937568044964514	16
2017	4.9	5.3	FALSE	10.2	0.15631512102862516	16
2017	4.5	5.1	FALSE	9.6	-0.16204823549749	15
2017	4	4.7	FALSE	8.7	-0.6395932702866632	15
2017	5.4	5.5	FALSE	10.9	0.5277390369757603	17
2017	5.2	4.5	FALSE	9.7	-0.10898767607647097	17
2017	4	4.9	FALSE	8.9	-0.5334721514446242	17
2017	4.7	4.3	FALSE	9	-0.48041159202360517	19
2017	5.2	5.1	FALSE	10.3	0.20937568044964514	20
2017	6.9	5.7	TRUE	12.600000000000001	1.4297685471330877	20
2017	4.9	4.3	FALSE	9.2	-0.3742904731815671	23
2017	5.6	5.7	TRUE	11.3	0.7399812746598374	23
2017	5.9	4.7	TRUE	10.600000000000001	0.36855735871270323	23
2017	5.2	6	TRUE	11.2	0.6869207152388175	23
2017	6.3	6	TRUE	12.3	1.2705868688700297	23
2017	6.3	5.1	TRUE	11.399999999999999	0.7930418340808555	23
2017	3.8	4.9	FALSE	8.7	-0.6395932702866632	23
2017	4.9	4.9	FALSE	9.8	-0.05592711665545099	23
2017	4.7	4.9	FALSE	9.600000000000001	-0.16204823549748906	23
2017	6.3	5.1	FALSE	11.399999999999999	0.7930418340808555	23
2017	5.4	5.7	TRUE	11.100000000000001	0.6338601558177993	26
2017	6.3	4.7	FALSE	11	0.5807995963967794	26
2017	4.7	4.5	FALSE	9.2	-0.3742904731815671	18
2017	4.7	4.3	FALSE	9	-0.48041159202360517	21
2017	5.9	5.7	TRUE	11.600000000000001	0.8991629529228955	21
2017	6.6	5.5	TRUE	12.1	1.1644657500279907	21
2017	3.5	4.7	FALSE	8.2	-0.9048960673917593	25
2017	5.9	6.7	TRUE	12.600000000000001	1.4297685471330877	25
2017	6.9	8.8	TRUE	15.700000000000001	3.0746458891846835	25
2017	3.8	3.7	FALSE	7.5	-1.2763199833388936	9
2017	6.6	5.5	FALSE	12.1	1.1644657500279907	9
2017	6.1	5.1	FALSE	11.2	0.6869207152388175	9
2017	5.2	5.3	FALSE	10.5	0.3154967992916832	9
2017	4.7	4.5	FALSE	9.2	-0.3742904731815671	9
2017	5.2	5.3	FALSE	10.5	0.3154967992916832	9
2017	5.2	5.1	FALSE	10.3	0.20937568044964514	9
2017	5.4	6	TRUE	11.4	0.7930418340808565	9
2017	5.4	6.7	FALSE	12.100000000000001	1.1644657500279916	5
2017	5.4	4.3	FALSE	9.7	-0.10898767607647097	19
2017	5.4	4.9	FALSE	10.3	0.20937568044964514	5
2017	6.3	6	TRUE	12.3	1.2705868688700297	5
2017	5.2	5.1	FALSE	10.3	0.20937568044964514	6
2017	6.1	5.7	TRUE	11.8	1.0052840717649336	6
2017	6.3	4.9	FALSE	11.2	0.6869207152388175	6
2017	5.2	5.3	FALSE	10.5	0.3154967992916832	6
2017	6.3	6.7	TRUE	13	1.642010784817164	6
2017	6.1	7.1	TRUE	13.2	1.748131903659202	6
2017	7.1	5.7	TRUE	12.8	1.5358896659751258	1
2017	4.7	5.3	FALSE	10	0.05019400218658709	1
2017	6.6	7.1	TRUE	13.7	2.0134347007642983	1
2017	9	5.5	TRUE	14.5	2.437919176132452	1
2017	6.1	5.3	TRUE	11.399999999999999	0.7930418340808555	1
2017	4.7	4.7	FALSE	9.4	-0.2681693543395281	1
2017	3.8	4.3	FALSE	8.1	-0.9579566268127784	2
2017	3.3	4.3	FALSE	7.6	-1.2232594239178745	2
2017	6.6	6	FALSE	12.6	1.4297685471330868	2
2017	4	3.7	FALSE	7.7	-1.170198864496855	3
2017	6.6	6.2	TRUE	12.8	1.5358896659751258	3
2017	4.9	6	FALSE	10.9	0.5277390369757603	3
2017	6.3	4.7	TRUE	11	0.5807995963967794	3
2017	5.2	6.2	FALSE	11.4	0.7930418340808565	3
2017	4.9	4.5	FALSE	9.4	-0.2681693543395281	3
2017	3.5	3.9	FALSE	7.4	-1.3293805427599126	5
2017	6.6	5.7	FALSE	12.3	1.2705868688700297	5
2017	3.8	4.9	FALSE	8.7	-0.6395932702866632	26
2017	5.2	6.5	FALSE	11.7	0.9522235123439136	26
2017	5.2	4.7	FALSE	9.9	-0.0028665572344319496	18
2017	4.9	4.7	TRUE	9.600000000000001	-0.16204823549748906	18
2017	5.9	4.9	FALSE	10.8	0.4746784775547413	21
2017	5.6	4.9	FALSE	10.5	0.3154967992916832	25
2017	6.1	5.7	TRUE	11.8	1.0052840717649336	25
2017	6.6	6.2	TRUE	12.8	1.5358896659751258	25
2017	6.9	4.5	FALSE	11.4	0.7930418340808565	25
2017	3.8	4.5	FALSE	8.3	-0.8518355079707394	25
2017	5.4	6.2	TRUE	11.600000000000001	0.8991629529228955	25
2017	6.1	5.3	FALSE	11.399999999999999	0.7930418340808555	9
2017	4.5	4.3	FALSE	8.8	-0.5865327108656433	9
2017	4.9	5.1	FALSE	10	0.05019400218658709	9
2017	5.2	6.7	FALSE	11.9	1.0583446311859526	9
2017	3.3	4.1	FALSE	7.3999999999999995	-1.329380542759913	9
2017	4.9	5.1	FALSE	10	0.05019400218658709	9
2017	7.1	7.5	TRUE	14.6	2.4909797355534713	9
2017	5.4	6	FALSE	11.4	0.7930418340808565	9
2017	4	5.7	FALSE	9.7	-0.10898767607647097	9
2017	6.3	6.7	TRUE	13	1.642010784817164	9
2017	4.7	4.9	FALSE	9.600000000000001	-0.16204823549748906	9
2017	5.4	5.5	TRUE	10.9	0.5277390369757603	9
2017	6.9	6.5	TRUE	13.4	1.854253022501241	9
2017	4.7	4.1	FALSE	8.8	-0.5865327108656433	9
2017	5.6	5.1	FALSE	10.7	0.4216179181337213	9
2017	4.3	4.7	FALSE	9	-0.48041159202360517	9
2017	5.9	4.9	TRUE	10.8	0.4746784775547413	4
2017	5.9	5.7	TRUE	11.600000000000001	0.8991629529228955	4
2017	5.2	4.7	FALSE	9.9	-0.0028665572344319496	7
2017	4.3	6	FALSE	10.3	0.20937568044964514	7
2017	4.3	6	TRUE	10.3	0.20937568044964514	7
2017	5.9	4.9	FALSE	10.8	0.4746784775547413	7
2017	4.7	4.3	FALSE	9	-0.48041159202360517	8
2017	4.7	5.5	FALSE	10.2	0.15631512102862516	10
2017	5.4	5.1	FALSE	10.5	0.3154967992916832	11
2017	4.9	5.3	TRUE	10.2	0.15631512102862516	11
2017	4.9	6	FALSE	10.9	0.5277390369757603	11
2017	4.9	5.5	FALSE	10.4	0.26243623987066417	11
2017	4.5	4.9	FALSE	9.4	-0.2681693543395281	12
2017	4.3	3.4	FALSE	7.699999999999999	-1.1701988644968555	12
2017	4.7	4.7	FALSE	9.4	-0.2681693543395281	12
2017	5.4	4.9	FALSE	10.3	0.20937568044964514	12
2017	4.5	5.3	FALSE	9.8	-0.05592711665545099	14
2017	4.7	5.7	TRUE	10.4	0.26243623987066417	14
2017	4.9	5.3	FALSE	10.2	0.15631512102862516	16
2017	5.6	5.1	TRUE	10.7	0.4216179181337213	17
2017	6.1	6.2	TRUE	12.3	1.2705868688700297	17
2017	5.4	6	FALSE	11.4	0.7930418340808565	19
2017	3	4.5	FALSE	7.5	-1.2763199833388936	19
2017	4.9	5.7	TRUE	10.600000000000001	0.36855735871270323	19
2017	5.6	6.7	TRUE	12.3	1.2705868688700297	19
2017	5.6	6.7	TRUE	12.3	1.2705868688700297	20
2017	4.9	4.7	FALSE	9.600000000000001	-0.16204823549748906	20
2017	6.1	6	FALSE	12.1	1.1644657500279907	23
2017	5.4	4.5	FALSE	9.9	-0.0028665572344319496	23
2017	4.7	4.7	FALSE	9.4	-0.2681693543395281	23
2017	6.3	5.1	FALSE	11.399999999999999	0.7930418340808555	23
2017	4.7	4.5	FALSE	9.2	-0.3742904731815671	23
2017	3.5	3.9	FALSE	7.4	-1.3293805427599126	23
2017	4.9	5.1	FALSE	10	0.05019400218658709	23
2017	4	5.5	FALSE	9.5	-0.21510879491850904	22
2017	3.8	3.9	FALSE	7.699999999999999	-1.1701988644968555	22
2017	4.7	5.5	FALSE	10.2	0.15631512102862516	27
2017	5.6	5.3	TRUE	10.899999999999999	0.5277390369757594	16
2017	6.1	6	FALSE	12.1	1.1644657500279907	8
2017	7.1	4.9	FALSE	12	1.1114051906069715	20
2017	6.9	9	TRUE	15.9	3.180767008026722	8
2017	4.9	6.2	FALSE	11.100000000000001	0.6338601558177993	8
2017	5.6	3.9	FALSE	9.5	-0.21510879491850904	18
2017	5.9	4.5	FALSE	10.4	0.26243623987066417	15
2017	3	2.9	FALSE	5.9	-2.125288934075201	15
2017	4.9	4.9	FALSE	9.8	-0.05592711665545099	20
2017	5.2	5.5	FALSE	10.7	0.4216179181337213	27
2017	4.7	4.5	TRUE	9.2	-0.3742904731815671	14
2017	4.5	4.9	FALSE	9.4	-0.2681693543395281	14
2017	5.4	5.5	FALSE	10.9	0.5277390369757603	14
2017	5.2	5.7	FALSE	10.9	0.5277390369757603	25
2017	4.3	5.1	FALSE	9.399999999999999	-0.26816935433952904	8
2017	6.3	6.5	TRUE	12.8	1.5358896659751258	9
2017	6.6	6.5	TRUE	13.1	1.6950713442381828	6
2017	6.6	5.5	TRUE	12.1	1.1644657500279907	14
2017	3.8	4.3	FALSE	8.1	-0.9579566268127784	16
2017	6.1	4.1	TRUE	10.2	0.15631512102862516	16
2017	4	4.7	FALSE	8.7	-0.6395932702866632	16
2017	4.7	4.7	FALSE	9.4	-0.2681693543395281	16
2017	5.6	4.7	FALSE	10.3	0.20937568044964514	15
2017	5.4	5.5	TRUE	10.9	0.5277390369757603	15
2017	6.3	6.2	TRUE	12.5	1.3767079877120678	11
2017	5.6	6.2	TRUE	11.8	1.0052840717649336	11
2017	6.1	5.7	FALSE	11.8	1.0052840717649336	11
2017	7.1	7.5	TRUE	14.6	2.4909797355534713	11
2017	5.9	4.9	TRUE	10.8	0.4746784775547413	11
2017	5.2	6	TRUE	11.2	0.6869207152388175	11
2017	4.7	4.9	FALSE	9.600000000000001	-0.16204823549748906	11
2017	4.9	5.3	FALSE	10.2	0.15631512102862516	12
2017	3.8	4.7	FALSE	8.5	-0.7457143891287014	12
2017	4.5	4.9	FALSE	9.4	-0.2681693543395281	12
2017	6.3	5.3	TRUE	11.6	0.8991629529228945	12
2017	4.7	5.3	FALSE	10	0.05019400218658709	12
2017	6.1	5.7	TRUE	11.8	1.0052840717649336	20
2017	4	5.5	FALSE	9.5	-0.21510879491850904	23
2017	4.9	6.2	FALSE	11.100000000000001	0.6338601558177993	23
2017	3.3	4.5	FALSE	7.8	-1.117138305075836	23
2017	3.5	3.4	FALSE	6.9	-1.5946833398650087	23
2017	6.3	6.7	TRUE	13	1.642010784817164	23
2017	6.6	6.5	TRUE	13.1	1.6950713442381828	4
2017	6.1	5.1	TRUE	11.2	0.6869207152388175	4
2017	4.9	5.7	FALSE	10.600000000000001	0.36855735871270323	26
2017	7.8	6	TRUE	13.8	2.066495260185318	26
2017	5.4	4.7	FALSE	10.100000000000001	0.10325456160760707	17
2017	2.7	3.4	FALSE	6.1	-2.019167815233163	17
2017	4.9	6	TRUE	10.9	0.5277390369757603	17
2017	4.9	5.5	FALSE	10.4	0.26243623987066417	17
2017	4.7	3.7	FALSE	8.4	-0.7987749485497203	19
2017	5.9	6.5	TRUE	12.4	1.3236474282910486	19
2017	4.9	4.3	FALSE	9.2	-0.3742904731815671	19
2017	4	4.3	FALSE	8.3	-0.8518355079707394	19
2017	4.7	4.9	FALSE	9.600000000000001	-0.16204823549748906	19
2017	4.5	4.5	FALSE	9	-0.48041159202360517	19
2017	5.9	4.9	FALSE	10.8	0.4746784775547413	26
2017	4	3.7	FALSE	7.7	-1.170198864496855	26
2017	3.5	4.3	FALSE	7.8	-1.117138305075836	26
2017	5.2	5.3	FALSE	10.5	0.3154967992916832	26
2017	3	4.5	FALSE	7.5	-1.2763199833388936	26
2017	5.9	5.7	TRUE	11.600000000000001	0.8991629529228955	26
2017	5.2	4.1	TRUE	9.3	-0.3212299137605471	18
2017	5.2	6.2	FALSE	11.4	0.7930418340808565	21
2017	5.6	5.3	FALSE	10.899999999999999	0.5277390369757594	21
2017	5.2	4.9	FALSE	10.100000000000001	0.10325456160760707	21
2017	4.9	3.7	FALSE	8.600000000000001	-0.6926538297076813	21
2017	4.7	4.5	FALSE	9.2	-0.3742904731815671	21
2017	4	2.9	FALSE	6.9	-1.5946833398650087	28
2017	4.7	4.5	FALSE	9.2	-0.3742904731815671	25
2017	3.5	4.7	FALSE	8.2	-0.9048960673917593	25
2017	3.3	4.5	FALSE	7.8	-1.117138305075836	25
2017	5.2	6.2	TRUE	11.4	0.7930418340808565	25
2017	5.9	6.2	TRUE	12.100000000000001	1.1644657500279916	25
2017	5.2	3.7	FALSE	8.9	-0.5334721514446242	25
2017	5.4	4.9	TRUE	10.3	0.20937568044964514	22
2017	3.5	4.5	FALSE	8	-1.0110171862337975	18
2017	5.9	5.1	FALSE	11	0.5807995963967794	8
2017	3.5	4.5	FALSE	8	-1.0110171862337975	2
2017	6.6	5.5	FALSE	12.1	1.1644657500279907	10
2017	4.7	5.3	FALSE	10	0.05019400218658709	1
2017	5.4	4.5	FALSE	9.9	-0.0028665572344319496	1
2017	5.4	5.1	FALSE	10.5	0.3154967992916832	9
2017	5.9	4.3	FALSE	10.2	0.15631512102862516	9
2017	4.7	5.3	FALSE	10	0.05019400218658709	9
2017	3.5	3.7	FALSE	7.2	-1.4355016616019511	9
2017	5.9	5.7	FALSE	11.600000000000001	0.8991629529228955	9
2017	4.7	3.9	FALSE	8.6	-0.6926538297076823	9
2017	4.5	4.7	FALSE	9.2	-0.3742904731815671	9
2017	3.8	3.2	FALSE	7	-1.5416227804439897	9
2017	5.9	6	TRUE	11.9	1.0583446311859526	9
2017	5.2	4.1	FALSE	9.3	-0.3212299137605471	9
2017	4.3	4.3	FALSE	8.6	-0.6926538297076823	9
2017	4	4.9	FALSE	8.9	-0.5334721514446242	9
2017	5.6	4.1	FALSE	9.7	-0.10898767607647097	9
2017	6.3	6.2	TRUE	12.5	1.3767079877120678	9
2017	6.1	6.2	TRUE	12.3	1.2705868688700297	9
2017	6.1	6	FALSE	12.1	1.1644657500279907	3
2017	4.9	4.1	FALSE	9	-0.48041159202360517	3
2017	6.1	6.2	TRUE	12.3	1.2705868688700297	5
2017	5.4	4.3	FALSE	9.7	-0.10898767607647097	5
2017	5.6	4.7	FALSE	10.3	0.20937568044964514	5
2017	6.9	6.5	TRUE	13.4	1.854253022501241	5
2017	4.5	7.5	TRUE	12	1.1114051906069715	5
2017	3.3	5.3	FALSE	8.6	-0.6926538297076823	5
2017	4.5	4.3	FALSE	8.8	-0.5865327108656433	5
2017	6.1	8	TRUE	14.1	2.225676938448375	5
2017	5.9	6	FALSE	11.9	1.0583446311859526	5
2017	5.6	3.7	FALSE	9.3	-0.3212299137605471	5
2017	6.3	5.7	TRUE	12	1.1114051906069715	5
2017	5.4	5.5	FALSE	10.9	0.5277390369757603	22
2017	5.6	5.3	FALSE	10.899999999999999	0.5277390369757594	22
2017	4.9	4.9	FALSE	9.8	-0.05592711665545099	22
2017	3.8	5.3	FALSE	9.1	-0.42735103260258617	22
2017	6.1	7.5	TRUE	13.6	1.9603741413432791	27
2017	4.3	5.3	FALSE	9.6	-0.16204823549749	10
2017	5.4	4.1	FALSE	9.5	-0.21510879491850904	22
2017	5.4	4.3	FALSE	9.7	-0.10898767607647097	15
2017	5.2	5.3	FALSE	10.5	0.3154967992916832	22
2017	4.7	4.7	TRUE	9.4	-0.2681693543395281	18
2017	3.8	3.7	FALSE	7.5	-1.2763199833388936	2
2017	4.7	3.9	FALSE	8.6	-0.6926538297076823	22
2017	4	4.5	FALSE	8.5	-0.7457143891287014	1
2017	3.8	4.5	FALSE	8.3	-0.8518355079707394	1
2017	7.8	6.2	TRUE	14	2.1726163790273563	2
2017	6.6	5.1	TRUE	11.7	0.9522235123439136	2
2017	4.3	5.3	FALSE	9.6	-0.16204823549749	2
2017	4.5	4.9	FALSE	9.4	-0.2681693543395281	2
2017	7.4	5.5	TRUE	12.9	1.588950225396145	6
2017	6.6	4.9	TRUE	11.5	0.8461023935018754	6
2017	4.7	4.9	FALSE	9.600000000000001	-0.16204823549748906	6
2017	7.8	6	TRUE	13.8	2.066495260185318	6
2017	5.4	5.5	FALSE	10.9	0.5277390369757603	6
2017	1.1	3.4	FALSE	4.5	-2.8681367659694703	6
2017	4.3	4.7	FALSE	9	-0.48041159202360517	7
2017	5.2	6	FALSE	11.2	0.6869207152388175	8
2017	4.5	5.3	TRUE	9.8	-0.05592711665545099	8
2017	6.3	6	TRUE	12.3	1.2705868688700297	10
2017	4.7	4.5	FALSE	9.2	-0.3742904731815671	13
2017	6.3	6.5	TRUE	12.8	1.5358896659751258	25
2017	4.9	5.5	FALSE	10.4	0.26243623987066417	7
2017	3.8	4.9	FALSE	8.7	-0.6395932702866632	12
2017	4.5	4.7	FALSE	9.2	-0.3742904731815671	12
2017	4.3	5.5	TRUE	9.8	-0.05592711665545099	2
2017	6.3	5.7	FALSE	12	1.1114051906069715	17
2017	8.1	5.1	TRUE	13.2	1.748131903659202	7
2017	2	3.7	FALSE	5.7	-2.2314100529172394	19
2017	4.3	4.5	FALSE	8.8	-0.5865327108656433	20
2017	4.5	4.3	FALSE	8.8	-0.5865327108656433	20
2017	6.6	5.5	FALSE	12.1	1.1644657500279907	20
2017	5.9	5.7	FALSE	11.600000000000001	0.8991629529228955	23
2017	4.9	4.7	FALSE	9.600000000000001	-0.16204823549748906	23
2017	6.1	4.9	TRUE	11	0.5807995963967794	23
2017	3.3	3.7	FALSE	7	-1.5416227804439897	23
2017	7.8	6	FALSE	13.8	2.066495260185318	23
2017	5.6	6.2	TRUE	11.8	1.0052840717649336	26
2017	3.5	4.1	FALSE	7.6	-1.2232594239178745	26
2017	6.3	7.5	TRUE	13.8	2.066495260185318	26
2017	5.6	3.4	FALSE	9	-0.48041159202360517	17
2017	4	4.9	FALSE	8.9	-0.5334721514446242	17
2017	5.9	5.3	FALSE	11.2	0.6869207152388175	17
2017	4.7	5.1	FALSE	9.8	-0.05592711665545099	17
2017	4.7	2.9	FALSE	7.6	-1.2232594239178745	17
2017	3	4.3	FALSE	7.3	-1.3824411021809322	17
2017	4	5.1	FALSE	9.1	-0.42735103260258617	17
2017	4.9	4.3	FALSE	9.2	-0.3742904731815671	17
2017	4.7	5.5	TRUE	10.2	0.15631512102862516	19
2017	4.9	5.3	FALSE	10.2	0.15631512102862516	19
2017	6.9	5.1	FALSE	12	1.1114051906069715	19
2017	5.4	4.1	FALSE	9.5	-0.21510879491850904	19
2017	4.9	4.7	FALSE	9.600000000000001	-0.16204823549748906	19
2017	5.4	4.7	FALSE	10.100000000000001	0.10325456160760707	22
2017	3.5	3.7	FALSE	7.2	-1.4355016616019511	10
2017	4	4.1	FALSE	8.1	-0.9579566268127784	16
2017	4.9	3.7	FALSE	8.600000000000001	-0.6926538297076813	2
2017	1.6	3.9	FALSE	5.5	-2.337531171759278	10
2017	4.9	4.5	FALSE	9.4	-0.2681693543395281	22
2017	5.2	5.3	FALSE	10.5	0.3154967992916832	15
2017	5.6	6	TRUE	11.6	0.8991629529228945	22
2017	4.5	5.5	FALSE	10	0.05019400218658709	24
2017	4.3	4.7	FALSE	9	-0.48041159202360517	15
2017	4.5	4.7	FALSE	9.2	-0.3742904731815671	27
2017	2.4	4.3	FALSE	6.699999999999999	-1.7008044587070479	16
2017	4.3	3.7	FALSE	8	-1.0110171862337975	6
2017	2.7	3.9	FALSE	6.6	-1.7538650181280668	14
2017	3	6	FALSE	9	-0.48041159202360517	18
2017	4.3	4.7	FALSE	9	-0.48041159202360517	21
2017	4.5	6	FALSE	10.5	0.3154967992916832	21
2017	3	3.9	FALSE	6.9	-1.5946833398650087	25
2017	7.4	7.5	TRUE	14.9	2.6501614138165293	25
2017	2.4	4.1	FALSE	6.5	-1.8069255775490858	13
2017	5.6	5.3	FALSE	10.899999999999999	0.5277390369757594	14
2017	6.3	4.5	TRUE	10.8	0.4746784775547413	14
2017	5.6	4.7	FALSE	10.3	0.20937568044964514	15
2017	4.7	4.1	FALSE	8.8	-0.5865327108656433	15
2017	3	3.7	FALSE	6.7	-1.7008044587070472	5
2017	4.9	4.9	FALSE	9.8	-0.05592711665545099	5
2017	5.4	5.5	FALSE	10.9	0.5277390369757603	5
2017	3.5	5.1	FALSE	8.6	-0.6926538297076823	5
2017	4.5	4.5	FALSE	9	-0.48041159202360517	9
2017	2.7	4.1	FALSE	6.8	-1.6477438992860283	9
2017	5.2	4.9	FALSE	10.100000000000001	0.10325456160760707	9
2017	7.1	5.7	FALSE	12.8	1.5358896659751258	9
2017	6.6	5.5	FALSE	12.1	1.1644657500279907	9
2017	4.7	4.9	FALSE	9.600000000000001	-0.16204823549748906	9
2017	4.7	3.4	FALSE	8.1	-0.9579566268127784	9
2017	5.2	5.5	FALSE	10.7	0.4216179181337213	9
2017	7.1	5.7	FALSE	12.8	1.5358896659751258	9
2017	4.3	4.1	FALSE	8.399999999999999	-0.7987749485497213	9
2017	3.8	3.4	FALSE	7.199999999999999	-1.4355016616019516	1
2017	6.3	6.2	TRUE	12.5	1.3767079877120678	1
2017	4.9	5.5	FALSE	10.4	0.26243623987066417	1
2017	4	4.7	FALSE	8.7	-0.6395932702866632	1
2017	3.3	4.7	FALSE	8	-1.0110171862337975	1
2017	4.9	7.1	TRUE	12	1.1114051906069715	1
2017	4.9	5.1	FALSE	10	0.05019400218658709	1
2017	3.3	4.3	FALSE	7.6	-1.2232594239178745	2
2017	4.7	4.7	TRUE	9.4	-0.2681693543395281	2
2017	5.4	4.3	FALSE	9.7	-0.10898767607647097	26
2017	8.5	7.1	TRUE	15.6	3.0215853297636635	26
2017	5.4	4.7	FALSE	10.100000000000001	0.10325456160760707	27
2017	4.3	4.7	FALSE	9	-0.48041159202360517	18
2017	5.6	6.2	TRUE	11.8	1.0052840717649336	18
2017	1.6	4.3	FALSE	5.9	-2.125288934075201	18
2017	5.6	5.3	FALSE	10.899999999999999	0.5277390369757594	21
2017	4.7	4.3	FALSE	9	-0.48041159202360517	21
2017	6.1	5.5	TRUE	11.6	0.8991629529228945	21
2017	6.3	7.5	FALSE	13.8	2.066495260185318	2
2017	4	4.1	FALSE	8.1	-0.9579566268127784	2
2017	3.8	5.3	FALSE	9.1	-0.42735103260258617	2
2017	5.9	5.3	TRUE	11.2	0.6869207152388175	3
2017	6.3	4.7	FALSE	11	0.5807995963967794	3
2017	5.4	5.5	TRUE	10.9	0.5277390369757603	3
2017	3.8	4.5	FALSE	8.3	-0.8518355079707394	3
2017	5.4	5.5	FALSE	10.9	0.5277390369757603	3
2017	5.9	6	FALSE	11.9	1.0583446311859526	4
2017	5.6	3.7	FALSE	9.3	-0.3212299137605471	4
2017	4.7	5.7	FALSE	10.4	0.26243623987066417	4
2017	3.3	3.7	FALSE	7	-1.5416227804439897	4
2017	4.5	3.4	FALSE	7.9	-1.0640777456548165	24
2017	3.8	3.9	FALSE	7.699999999999999	-1.1701988644968555	8
2017	4	5.7	FALSE	9.7	-0.10898767607647097	27
2017	4.5	4.1	FALSE	8.6	-0.6926538297076823	7
2017	5.9	6.2	TRUE	12.100000000000001	1.1644657500279916	6
2017	5.6	6	FALSE	11.6	0.8991629529228945	6
2017	4.3	5.1	FALSE	9.399999999999999	-0.26816935433952904	6
2017	6.1	4.9	FALSE	11	0.5807995963967794	6
2017	6.3	6.7	TRUE	13	1.642010784817164	6
2017	4	3.9	FALSE	7.9	-1.0640777456548165	10
2017	3.3	4.3	FALSE	7.6	-1.2232594239178745	10
2017	2	3.2	FALSE	5.2	-2.4967128500223357	24
2017	5.4	5.3	TRUE	10.7	0.4216179181337213	11
2017	3.8	4.3	FALSE	8.1	-0.9579566268127784	11
2017	5.2	4.1	FALSE	9.3	-0.3212299137605471	11
2017	6.3	6	TRUE	12.3	1.2705868688700297	11
2017	6.3	8	TRUE	14.3	2.3317980572904142	11
2017	6.1	6.5	TRUE	12.6	1.4297685471330868	11
2017	6.1	5.5	TRUE	11.6	0.8991629529228945	11
2017	3.3	4.7	FALSE	8	-1.0110171862337975	11
2017	5.2	5.7	FALSE	10.9	0.5277390369757603	11
2017	6.1	4.9	TRUE	11	0.5807995963967794	11
2017	3.3	3.4	FALSE	6.699999999999999	-1.7008044587070479	12
2017	6.1	5.1	FALSE	11.2	0.6869207152388175	12
2017	7.1	4.3	TRUE	11.399999999999999	0.7930418340808555	12
2017	4.5	4.1	FALSE	8.6	-0.6926538297076823	28
2017	6.3	5.3	FALSE	11.6	0.8991629529228945	28
2017	3	3.7	FALSE	6.7	-1.7008044587070472	28
2017	4.7	4.9	FALSE	9.600000000000001	-0.16204823549748906	23
2017	4	6	FALSE	10	0.05019400218658709	9
2017	4.7	4.1	FALSE	8.8	-0.5865327108656433	20
2017	3.5	4.1	FALSE	7.6	-1.2232594239178745	14
2017	5.6	4.7	FALSE	10.3	0.20937568044964514	8
2017	6.6	6.5	TRUE	13.1	1.6950713442381828	28
2017	4.3	3.9	FALSE	8.2	-0.9048960673917593	4
2017	5.6	4.7	FALSE	10.3	0.20937568044964514	22
2017	4.7	4.3	FALSE	9	-0.48041159202360517	24
2017	4.3	3.9	FALSE	8.2	-0.9048960673917593	21
2017	4.9	5.5	FALSE	10.4	0.26243623987066417	24
2017	5.9	4.9	FALSE	10.8	0.4746784775547413	21
2017	3.8	3.9	FALSE	7.699999999999999	-1.1701988644968555	20
2017	4.7	4.7	FALSE	9.4	-0.2681693543395281	24
2017	2	3.2	FALSE	5.2	-2.4967128500223357	24
2017	5.2	5.3	FALSE	10.5	0.3154967992916832	25
2017	7.1	7.1	FALSE	14.2	2.278737497869394	12
2017	4.3	2.9	FALSE	7.199999999999999	-1.4355016616019516	28
2017	5.9	5.5	FALSE	11.4	0.7930418340808565	14
2017	5.2	5.5	FALSE	10.7	0.4216179181337213	28
2017	7.4	6.7	FALSE	14.100000000000001	2.2256769384483763	28
2017	5.4	3.2	FALSE	8.600000000000001	-0.6926538297076813	13
2017	5.6	5.3	FALSE	10.899999999999999	0.5277390369757594	27
2017	6.3	3.9	TRUE	10.2	0.15631512102862516	13
2017	3.5	3.9	FALSE	7.4	-1.3293805427599126	13
2017	3.8	3.4	FALSE	7.199999999999999	-1.4355016616019516	24
2017	5.9	4.9	FALSE	10.8	0.4746784775547413	12
2017	2.7	3.9	FALSE	6.6	-1.7538650181280668	12
2017	3.3	3.2	FALSE	6.5	-1.8069255775490858	1
2018	5.1	4.5	FALSE	9.6	-0.16204823549749	12
2018	4.4	4.2	FALSE	8.600000000000001	-0.6926538297076813	5
2018	5.6	5.4	FALSE	11	0.5807995963967794	9
2018	5.6	5.4	TRUE	11	0.5807995963967794	6
2018	5.9	5.4	FALSE	11.3	0.7399812746598374	6
2018	5.9	5.4	TRUE	11.3	0.7399812746598374	12
2018	4.4	4.5	FALSE	8.9	-0.5334721514446242	5
2018	5.4	5.9	TRUE	11.3	0.7399812746598374	27
2018	4.6	4.7	FALSE	9.3	-0.3212299137605471	22
2018	6.4	6.8	TRUE	13.2	1.748131903659202	5
2018	6.7	6.8	TRUE	13.5	1.90731358192226	9
2018	4.4	4.9	FALSE	9.3	-0.3212299137605471	16
2018	5.9	5.2	FALSE	11.100000000000001	0.6338601558177993	20
2018	4.4	5.6	FALSE	10	0.05019400218658709	21
2018	5.9	4.9	FALSE	10.8	0.4746784775547413	25
2018	5.1	4.9	TRUE	10	0.05019400218658709	23
2018	4.6	6.5	TRUE	11.1	0.6338601558177984	5
2018	5.1	6.2	TRUE	11.3	0.7399812746598374	3
2018	5.6	5.6	FALSE	11.2	0.6869207152388175	4
2018	5.1	5.2	FALSE	10.3	0.20937568044964514	25
2018	5.1	3.7	FALSE	8.8	-0.5865327108656433	2
2018	5.9	5.2	TRUE	11.100000000000001	0.6338601558177993	4
2018	3.9	4.2	FALSE	8.1	-0.9579566268127784	19
2018	4.9	4.5	FALSE	9.4	-0.2681693543395281	8
2018	5.6	4.9	FALSE	10.5	0.3154967992916832	11
2018	4.4	3.7	FALSE	8.100000000000001	-0.9579566268127775	7
2018	5.6	7.7	TRUE	13.3	1.8011924630802219	7
2018	4.9	5.2	FALSE	10.100000000000001	0.10325456160760707	1
2018	6.4	6.8	TRUE	13.2	1.748131903659202	5
2018	5.9	5.9	TRUE	11.8	1.0052840717649336	9
2018	6.4	6.5	TRUE	12.9	1.588950225396145	9
2018	4.1	4.7	FALSE	8.8	-0.5865327108656433	5
2018	3.6	4.5	FALSE	8.1	-0.9579566268127784	6
2018	4.4	4	FALSE	8.4	-0.7987749485497203	5
2018	3.9	4.9	FALSE	8.8	-0.5865327108656433	12
2018	5.1	4.7	TRUE	9.8	-0.05592711665545099	18
2018	4.9	6.2	FALSE	11.100000000000001	0.6338601558177993	1
2018	5.1	5.9	FALSE	11	0.5807995963967794	25
2018	5.4	4.9	FALSE	10.3	0.20937568044964514	26
2018	4.6	5.2	FALSE	9.8	-0.05592711665545099	18
2018	4.4	4.5	FALSE	8.9	-0.5334721514446242	25
2018	5.1	6.2	FALSE	11.3	0.7399812746598374	25
2018	3.9	4.5	FALSE	8.4	-0.7987749485497203	5
2018	4.9	3.5	FALSE	8.4	-0.7987749485497203	2
2018	6.1	4.7	FALSE	10.8	0.4746784775547413	17
2018	7.6	6.2	TRUE	13.8	2.066495260185318	9
2018	6.4	7.2	TRUE	13.600000000000001	1.96037414134328	3
2018	3.6	4.2	FALSE	7.800000000000001	-1.1171383050758354	23
2018	6.1	4.2	FALSE	10.3	0.20937568044964514	15
2018	5.4	5.9	TRUE	11.3	0.7399812746598374	19
2018	4.1	4.2	FALSE	8.3	-0.8518355079707394	11
2018	5.6	6.8	TRUE	12.399999999999999	1.3236474282910478	19
2018	5.9	7.7	TRUE	13.600000000000001	1.96037414134328	9
2018	4.9	5.6	FALSE	10.5	0.3154967992916832	9
2018	6.4	5.9	FALSE	12.3	1.2705868688700297	23
2018	3.4	4.5	FALSE	7.9	-1.0640777456548165	19
2018	4.6	4.7	FALSE	9.3	-0.3212299137605471	25
2018	5.4	4.7	FALSE	10.100000000000001	0.10325456160760707	25
2018	6.1	5.9	TRUE	12	1.1114051906069715	5
2018	5.1	3.2	FALSE	8.3	-0.8518355079707394	14
2018	5.1	5.9	TRUE	11	0.5807995963967794	22
2018	4.4	5.4	FALSE	9.8	-0.05592711665545099	9
2018	6.1	6.2	FALSE	12.3	1.2705868688700297	11
2018	5.4	4.9	FALSE	10.3	0.20937568044964514	18
2018	5.4	6.8	FALSE	12.2	1.2175263094490096	17
2018	6.7	7.7	TRUE	14.4	2.3848586167114334	22
2018	6.1	4.9	FALSE	11	0.5807995963967794	11
2018	4.9	4.9	FALSE	9.8	-0.05592711665545099	5
2018	5.4	4.2	FALSE	9.600000000000001	-0.16204823549748906	16
2018	5.4	6.2	TRUE	11.600000000000001	0.8991629529228955	17
2018	4.6	5.2	FALSE	9.8	-0.05592711665545099	12
2018	6.7	5.6	TRUE	12.3	1.2705868688700297	18
2018	4.9	4.7	FALSE	9.600000000000001	-0.16204823549748906	6
2018	6.4	5.9	TRUE	12.3	1.2705868688700297	15
2018	4.6	6.2	FALSE	10.8	0.4746784775547413	2
2018	5.4	5.4	TRUE	10.8	0.4746784775547413	12
2018	4.9	5.2	FALSE	10.100000000000001	0.10325456160760707	16
2018	4.6	4.9	TRUE	9.5	-0.21510879491850904	26
2018	6.4	4.9	FALSE	11.3	0.7399812746598374	11
2018	3.6	4	FALSE	7.6	-1.2232594239178745	20
2018	4.6	4.7	FALSE	9.3	-0.3212299137605471	20
2018	4.6	5.4	FALSE	10	0.05019400218658709	3
2018	5.1	5.4	TRUE	10.5	0.3154967992916832	19
2018	5.1	5.4	FALSE	10.5	0.3154967992916832	15
2018	5.9	6.5	TRUE	12.4	1.3236474282910486	21
2018	5.4	5.2	FALSE	10.600000000000001	0.36855735871270323	5
2018	5.4	4.2	FALSE	9.600000000000001	-0.16204823549748906	12
2018	5.4	4.7	FALSE	10.100000000000001	0.10325456160760707	25
2018	6.1	5.9	TRUE	12	1.1114051906069715	6
2018	5.1	6.5	TRUE	11.6	0.8991629529228945	26
2018	4.6	4	FALSE	8.6	-0.6926538297076823	5
2018	5.4	4	FALSE	9.4	-0.2681693543395281	25
2018	6.4	6.2	TRUE	12.600000000000001	1.4297685471330877	11
2018	5.1	4.7	TRUE	9.8	-0.05592711665545099	21
2018	5.1	5.9	FALSE	11	0.5807995963967794	17
2018	4.6	5.2	FALSE	9.8	-0.05592711665545099	20
2018	7.6	5.6	TRUE	13.2	1.748131903659202	27
2018	4.9	4.7	FALSE	9.600000000000001	-0.16204823549748906	3
2018	5.4	4.9	TRUE	10.3	0.20937568044964514	6
2018	5.6	5.6	TRUE	11.2	0.6869207152388175	9
2018	5.6	4.7	TRUE	10.3	0.20937568044964514	11
2018	5.1	4.5	FALSE	9.6	-0.16204823549749	26
2018	3.1	3.5	FALSE	6.6	-1.7538650181280668	6
2018	4.4	4.9	FALSE	9.3	-0.3212299137605471	25
2018	4.6	5.4	TRUE	10	0.05019400218658709	6
2018	5.6	5.6	TRUE	11.2	0.6869207152388175	9
2018	5.4	5.4	TRUE	10.8	0.4746784775547413	6
2018	6.4	5.6	TRUE	12	1.1114051906069715	25
2018	5.4	7.2	TRUE	12.600000000000001	1.4297685471330877	25
2018	5.6	6.5	TRUE	12.1	1.1644657500279907	6
2018	5.6	5.2	FALSE	10.8	0.4746784775547413	23
2018	4.9	7.2	TRUE	12.100000000000001	1.1644657500279916	7
2018	5.4	4.9	FALSE	10.3	0.20937568044964514	1
2018	6.1	5.9	TRUE	12	1.1114051906069715	9
2018	5.9	5.9	TRUE	11.8	1.0052840717649336	11
2018	5.4	5.9	FALSE	11.3	0.7399812746598374	21
2018	4.4	4.5	FALSE	8.9	-0.5334721514446242	23
2018	5.6	4.9	FALSE	10.5	0.3154967992916832	27
2018	5.4	6.2	TRUE	11.600000000000001	0.8991629529228955	23
2018	4.1	5.4	FALSE	9.5	-0.21510879491850904	17
2018	5.4	5.9	TRUE	11.3	0.7399812746598374	7
2018	4.9	4.9	FALSE	9.8	-0.05592711665545099	18
2018	4.9	5.4	TRUE	10.3	0.20937568044964514	3
2018	4.1	5.2	FALSE	9.3	-0.3212299137605471	18
2018	4.9	3.7	FALSE	8.600000000000001	-0.6926538297076813	25
2018	5.9	6.8	FALSE	12.7	1.482829106554106	19
2018	6.1	4.9	FALSE	11	0.5807995963967794	6
2018	6.1	4.9	TRUE	11	0.5807995963967794	18
2018	4.4	4.7	FALSE	9.100000000000001	-0.4273510326025852	12
2018	4.4	4.9	FALSE	9.3	-0.3212299137605471	25
2018	5.9	5.2	FALSE	11.100000000000001	0.6338601558177993	17
2018	4.6	4	FALSE	8.6	-0.6926538297076823	16
2018	4.4	4.7	FALSE	9.100000000000001	-0.4273510326025852	19
2018	4.6	1.8	FALSE	6.3999999999999995	-1.8599861369701054	3
2018	5.1	4	FALSE	9.1	-0.42735103260258617	5
2018	4.4	4.5	FALSE	8.9	-0.5334721514446242	6
2018	4.9	5.9	TRUE	10.8	0.4746784775547413	11
2018	5.6	7.7	TRUE	13.3	1.8011924630802219	25
2018	3.4	4.5	TRUE	7.9	-1.0640777456548165	17
2018	2.2	4.7	FALSE	6.9	-1.5946833398650087	16
2018	5.1	5.1	FALSE	10.2	0.15631512102862516	4
2018	5.1	5.4	TRUE	10.5	0.3154967992916832	12
2018	4.1	5.4	FALSE	9.5	-0.21510879491850904	9
2018	5.4	7.2	TRUE	12.600000000000001	1.4297685471330877	25
2018	5.6	6.2	TRUE	11.8	1.0052840717649336	5
2018	6.1	5.6	TRUE	11.7	0.9522235123439136	2
2018	3.1	4.7	FALSE	7.800000000000001	-1.1171383050758354	5
2018	4.9	6.5	FALSE	11.4	0.7930418340808565	2
2018	4.9	4	FALSE	8.9	-0.5334721514446242	16
2018	5.4	5.4	FALSE	10.8	0.4746784775547413	9
2018	4.7	4.7	TRUE	9.4	-0.2681693543395281	5
2018	4.9	6.2	TRUE	11.100000000000001	0.6338601558177993	6
2018	4.4	4.7	FALSE	9.100000000000001	-0.4273510326025852	4
2018	5.4	5.6	TRUE	11	0.5807995963967794	7
2018	4.4	5.6	TRUE	10	0.05019400218658709	6
2018	5.4	6.5	FALSE	11.9	1.0583446311859526	21
2018	5.9	5.4	FALSE	11.3	0.7399812746598374	12
2018	4.9	5.9	TRUE	10.8	0.4746784775547413	21
2018	4.9	5.4	FALSE	10.3	0.20937568044964514	6
2018	5.4	5.2	FALSE	10.600000000000001	0.36855735871270323	7
2018	4.1	6.2	FALSE	10.3	0.20937568044964514	3
2018	5.9	5.9	TRUE	11.8	1.0052840717649336	6
2018	5.1	5.6	FALSE	10.7	0.4216179181337213	6
2018	4.6	5.6	TRUE	10.2	0.15631512102862516	12
2018	5.1	4.7	FALSE	9.8	-0.05592711665545099	23
2018	3.9	3.7	FALSE	7.6	-1.2232594239178745	5
2018	4.4	4.7	FALSE	9.100000000000001	-0.4273510326025852	5
2018	4.9	5.2	FALSE	10.100000000000001	0.10325456160760707	21
2018	5.4	5.2	FALSE	10.600000000000001	0.36855735871270323	17
2018	4.9	4.2	FALSE	9.100000000000001	-0.4273510326025852	25
2018	5.1	5.4	TRUE	10.5	0.3154967992916832	19
2018	3.9	4	FALSE	7.9	-1.0640777456548165	5
2018	3.4	5.2	FALSE	8.6	-0.6926538297076823	25
2018	5.4	4.7	FALSE	10.100000000000001	0.10325456160760707	20
2018	4.4	4.7	FALSE	9.100000000000001	-0.4273510326025852	1
2018	4.9	4.9	FALSE	9.8	-0.05592711665545099	7
2018	5.1	4.9	FALSE	10	0.05019400218658709	3
2018	5.4	2.9	FALSE	8.3	-0.8518355079707394	12
2018	5.4	6.8	TRUE	12.2	1.2175263094490096	26
2018	5.6	4.5	FALSE	10.1	0.10325456160760613	12
2018	4.6	4.2	FALSE	8.8	-0.5865327108656433	14
2018	5.1	7.2	TRUE	12.3	1.2705868688700297	18
2018	5.1	4.5	FALSE	9.6	-0.16204823549749	8
2018	6.1	6.2	TRUE	12.3	1.2705868688700297	7
2018	5.9	5.6	FALSE	11.5	0.8461023935018754	15
2018	3.9	4.5	FALSE	8.4	-0.7987749485497203	14
2018	6.1	6.8	TRUE	12.899999999999999	1.5889502253961438	25
2018	5.1	5.6	TRUE	10.7	0.4216179181337213	3
2018	4.6	5.2	TRUE	9.8	-0.05592711665545099	17
2018	5.1	6.2	TRUE	11.3	0.7399812746598374	21
2018	4.9	5.9	TRUE	10.8	0.4746784775547413	1
2018	4.4	5.4	FALSE	9.8	-0.05592711665545099	6
2018	5.6	5.6	TRUE	11.2	0.6869207152388175	11
2018	4.4	4.7	FALSE	9.100000000000001	-0.4273510326025852	5
2018	3.9	3.5	FALSE	7.4	-1.3293805427599126	4
2018	4.4	6.5	TRUE	10.9	0.5277390369757603	16
2018	4.4	5.9	FALSE	10.3	0.20937568044964514	6
2018	6.7	5.1	TRUE	11.8	1.0052840717649336	17
2018	3.9	4.2	FALSE	8.1	-0.9579566268127784	6
2018	5.9	5.6	TRUE	11.5	0.8461023935018754	22
2018	5.1	5.4	FALSE	10.5	0.3154967992916832	6
2018	5.6	5.2	FALSE	10.8	0.4746784775547413	8
2018	5.6	4.7	FALSE	10.3	0.20937568044964514	8
2018	4.6	5.9	FALSE	10.5	0.3154967992916832	17
2018	5.6	5.4	FALSE	11	0.5807995963967794	1
2018	5.1	6.5	TRUE	11.6	0.8991629529228945	5
2018	6.1	6.2	TRUE	12.3	1.2705868688700297	25
2018	5.1	5.6	FALSE	10.7	0.4216179181337213	4
2018	4.9	5.4	FALSE	10.3	0.20937568044964514	26
2018	5.4	5.4	TRUE	10.8	0.4746784775547413	8
2018	4.6	5.2	FALSE	9.8	-0.05592711665545099	25
2018	4.4	4.7	FALSE	9.100000000000001	-0.4273510326025852	25
2018	4.9	5.2	TRUE	10.100000000000001	0.10325456160760707	14
2018	4.1	4.9	FALSE	9	-0.48041159202360517	11
2018	4.6	3.2	FALSE	7.8	-1.117138305075836	25
2018	5.6	7.2	TRUE	12.8	1.5358896659751258	5
2018	4.4	4.2	FALSE	8.600000000000001	-0.6926538297076813	18
2018	4.6	4.2	FALSE	8.8	-0.5865327108656433	18
2018	6.7	5.4	TRUE	12.100000000000001	1.1644657500279916	19
2018	7	7.2	TRUE	14.2	2.278737497869394	11
2018	4.9	7.7	TRUE	12.600000000000001	1.4297685471330877	6
2018	6.4	4.2	FALSE	10.600000000000001	0.36855735871270323	2
2018	6.7	6.5	FALSE	13.2	1.748131903659202	11
2018	4.1	5.4	FALSE	9.5	-0.21510879491850904	5
2018	3.4	4.5	FALSE	7.9	-1.0640777456548165	22
2018	5.4	7.7	TRUE	13.100000000000001	1.695071344238184	5
2018	5.1	5.9	TRUE	11	0.5807995963967794	9
2018	5.6	6.2	TRUE	11.8	1.0052840717649336	26
2018	6.1	5.6	TRUE	11.7	0.9522235123439136	26
2018	3.6	4	FALSE	7.6	-1.2232594239178745	25
2018	6.1	6.2	TRUE	12.3	1.2705868688700297	4
2018	8	8.3	TRUE	16.3	3.3930092457107985	6
2018	5.4	5.4	FALSE	10.8	0.4746784775547413	9
2018	4.4	4.5	FALSE	8.9	-0.5334721514446242	5
2018	5.6	6.2	TRUE	11.8	1.0052840717649336	1
2018	4.9	6.2	FALSE	11.100000000000001	0.6338601558177993	11
2018	6.4	5.9	TRUE	12.3	1.2705868688700297	23
2018	5.6	8.3	TRUE	13.9	2.119555819606337	25
2018	4.6	4.2	FALSE	8.8	-0.5865327108656433	1
2018	5.9	5.9	TRUE	11.8	1.0052840717649336	3
2018	4.1	4.7	FALSE	8.8	-0.5865327108656433	3
2018	5.9	6.2	TRUE	12.100000000000001	1.1644657500279916	23
2018	4.9	4.2	FALSE	9.100000000000001	-0.4273510326025852	5
2018	3.1	4.9	FALSE	8	-1.0110171862337975	9
2018	4.6	6.5	TRUE	11.1	0.6338601558177984	25
2018	5.9	9	TRUE	14.9	2.6501614138165293	24
2018	5.4	5.6	TRUE	11	0.5807995963967794	7
2018	4.4	4.2	FALSE	8.600000000000001	-0.6926538297076813	9
2018	4.2	5.6	FALSE	9.8	-0.05592711665545099	12
2018	5.1	4.9	FALSE	10	0.05019400218658709	9
2018	6.4	5.1	TRUE	11.5	0.8461023935018754	8
2018	3.1	3.5	FALSE	6.6	-1.7538650181280668	7
2018	4.4	4.5	FALSE	8.9	-0.5334721514446242	5
2018	5.9	5.2	FALSE	11.100000000000001	0.6338601558177993	12
2018	5.1	5.4	FALSE	10.5	0.3154967992916832	7
2018	4.9	4.2	FALSE	9.100000000000001	-0.4273510326025852	6
2018	4.4	3.5	TRUE	7.9	-1.0640777456548165	18
2018	7	6.8	TRUE	13.8	2.066495260185318	5
2018	3.9	4	FALSE	7.9	-1.0640777456548165	9
2018	4.9	6.5	TRUE	11.4	0.7930418340808565	23
2018	2.8	3.7	FALSE	6.5	-1.8069255775490858	7
2018	3.9	5.6	FALSE	9.5	-0.21510879491850904	8
2018	5.4	5.9	TRUE	11.3	0.7399812746598374	3
2018	3.4	4.4	FALSE	7.800000000000001	-1.1171383050758354	1
2018	3.6	5.2	FALSE	8.8	-0.5865327108656433	22
2018	6.4	5.6	TRUE	12	1.1114051906069715	9
2018	4.2	4.9	FALSE	9.100000000000001	-0.4273510326025852	11
2018	4.9	5.9	TRUE	10.8	0.4746784775547413	11
2018	3.9	3.2	FALSE	7.1	-1.4885622210229708	20
2018	5.6	4.7	FALSE	10.3	0.20937568044964514	23
2018	4.4	5.4	FALSE	9.8	-0.05592711665545099	25
2018	4.6	6.2	TRUE	10.8	0.4746784775547413	9
2018	4.4	4.5	FALSE	8.9	-0.5334721514446242	1
2018	5.9	6.2	TRUE	12.100000000000001	1.1644657500279916	25
2018	4.9	6.2	TRUE	11.100000000000001	0.6338601558177993	9
2018	7	6.5	TRUE	13.5	1.90731358192226	3
2018	5.6	5.2	FALSE	10.8	0.4746784775547413	6
2018	5.4	6.5	FALSE	11.9	1.0583446311859526	11
2018	3.6	3.5	FALSE	7.1	-1.4885622210229708	5
2018	5.1	4.7	FALSE	9.8	-0.05592711665545099	1
2018	4.1	5.4	FALSE	9.5	-0.21510879491850904	9
2018	7.3	9	TRUE	16.3	3.3930092457107985	5
2018	4.9	5.6	TRUE	10.5	0.3154967992916832	20
2018	5.9	4	FALSE	9.9	-0.0028665572344319496	9
2018	5.6	5.6	FALSE	11.2	0.6869207152388175	6
2018	4.6	4.9	FALSE	9.5	-0.21510879491850904	5
2018	5.4	5.9	TRUE	11.3	0.7399812746598374	25
2018	5.4	5.6	FALSE	11	0.5807995963967794	18
2018	1.9	2.2	FALSE	4.1	-3.0803790036535474	13
2018	4.9	5.4	TRUE	10.3	0.20937568044964514	26
2018	4.4	4.9	FALSE	9.3	-0.3212299137605471	8
2018	4.6	5.2	FALSE	9.8	-0.05592711665545099	5
2018	5.4	5.4	FALSE	10.8	0.4746784775547413	23
2018	5.6	5.4	FALSE	11	0.5807995963967794	23
2018	4.6	5.9	TRUE	10.5	0.3154967992916832	9
2018	4.9	4.5	FALSE	9.4	-0.2681693543395281	25
2018	5.1	4.2	FALSE	9.3	-0.3212299137605471	3
2018	2.5	3.7	FALSE	6.2	-1.9661072558121435	9
2018	5.9	6.2	FALSE	12.100000000000001	1.1644657500279916	19
2018	5.9	4.9	TRUE	10.8	0.4746784775547413	26
2018	5.6	4.7	TRUE	10.3	0.20937568044964514	25
2018	3.6	4	FALSE	7.6	-1.2232594239178745	11
2018	4.4	4.2	FALSE	8.600000000000001	-0.6926538297076813	11
2018	4.4	5.4	FALSE	9.8	-0.05592711665545099	27
2018	4.4	4.5	FALSE	8.9	-0.5334721514446242	8
2018	4.6	5.2	FALSE	9.8	-0.05592711665545099	10
2018	4.9	5.2	TRUE	10.100000000000001	0.10325456160760707	9
2018	5.4	4	FALSE	9.4	-0.2681693543395281	12
2018	4.4	4.5	FALSE	8.9	-0.5334721514446242	10
2018	3.4	4.7	FALSE	8.1	-0.9579566268127784	20
2018	3.9	4.5	FALSE	8.4	-0.7987749485497203	16
2018	6.1	4	FALSE	10.1	0.10325456160760613	12
2018	6.1	5.9	FALSE	12	1.1114051906069715	20
2018	4.1	6.8	TRUE	10.899999999999999	0.5277390369757594	2
2018	5.9	5.2	FALSE	11.100000000000001	0.6338601558177993	25
2018	3.9	7.2	FALSE	11.1	0.6338601558177984	25
2018	4.1	6.8	TRUE	10.899999999999999	0.5277390369757594	25
2018	5.1	4.2	FALSE	9.3	-0.3212299137605471	25
2018	5.1	5.2	FALSE	10.3	0.20937568044964514	25
2018	3.9	5.2	FALSE	9.1	-0.42735103260258617	5
2018	4.9	5.2	TRUE	10.100000000000001	0.10325456160760707	5
2018	4.4	4.5	FALSE	8.9	-0.5334721514446242	5
2018	5.6	5.6	FALSE	11.2	0.6869207152388175	5
2018	4.6	5.2	FALSE	9.8	-0.05592711665545099	5
2018	5.4	5.2	FALSE	10.600000000000001	0.36855735871270323	5
2018	5.6	5.6	TRUE	11.2	0.6869207152388175	6
2018	5.4	4.5	FALSE	9.9	-0.0028665572344319496	6
2018	4.1	5.4	FALSE	9.5	-0.21510879491850904	6
2018	4.1	4.5	FALSE	8.6	-0.6926538297076823	6
2018	4.4	5.2	FALSE	9.600000000000001	-0.16204823549748906	6
2018	5.4	6.8	TRUE	12.2	1.2175263094490096	6
2018	5.1	4.7	FALSE	9.8	-0.05592711665545099	7
2018	4.4	4	TRUE	8.4	-0.7987749485497203	7
2018	4.6	5.9	FALSE	10.5	0.3154967992916832	7
2018	5.6	6.2	TRUE	11.8	1.0052840717649336	7
2018	5.4	5.6	FALSE	11	0.5807995963967794	7
2018	4.4	4.2	FALSE	8.600000000000001	-0.6926538297076813	7
2018	4.6	5.4	FALSE	10	0.05019400218658709	7
2018	4.6	6.2	TRUE	10.8	0.4746784775547413	8
2018	5.6	6.2	FALSE	11.8	1.0052840717649336	10
2018	4.1	4.7	FALSE	8.8	-0.5865327108656433	10
2018	5.4	6.2	FALSE	11.600000000000001	0.8991629529228955	11
2018	5.9	6.5	TRUE	12.4	1.3236474282910486	11
2018	4.9	4.9	FALSE	9.8	-0.05592711665545099	11
2018	7	7.2	TRUE	14.2	2.278737497869394	11
2018	5.9	6.8	TRUE	12.7	1.482829106554106	9
2018	6.7	4.5	FALSE	11.2	0.6869207152388175	9
2018	5.1	6.2	TRUE	11.3	0.7399812746598374	9
2018	5.6	4.9	FALSE	10.5	0.3154967992916832	9
2018	4.6	4.9	FALSE	9.5	-0.21510879491850904	9
2018	5.1	6.2	TRUE	11.3	0.7399812746598374	9
2018	4.1	4.7	FALSE	8.8	-0.5865327108656433	4
2018	6.4	4.5	FALSE	10.9	0.5277390369757603	12
2018	4.4	5.2	TRUE	9.600000000000001	-0.16204823549748906	12
2018	4.4	3.5	FALSE	7.9	-1.0640777456548165	12
2018	5.9	4.5	FALSE	10.4	0.26243623987066417	14
2018	4.6	4.7	FALSE	9.3	-0.3212299137605471	16
2018	5.1	3.7	FALSE	8.8	-0.5865327108656433	16
2018	5.4	4	FALSE	9.4	-0.2681693543395281	16
2018	4.1	3.2	FALSE	7.3	-1.3824411021809322	16
2018	5.6	5.4	FALSE	11	0.5807995963967794	15
2018	5.9	6.5	TRUE	12.4	1.3236474282910486	17
2018	4.6	3.5	FALSE	8.1	-0.9579566268127784	17
2018	3.4	4.5	FALSE	7.9	-1.0640777456548165	19
2018	4.6	4.9	FALSE	9.5	-0.21510879491850904	19
2018	6.1	5.6	TRUE	11.7	0.9522235123439136	19
2018	5.1	5.6	FALSE	10.7	0.4216179181337213	20
2018	5.4	5.2	FALSE	10.600000000000001	0.36855735871270323	23
2018	4.1	7.2	FALSE	11.3	0.7399812746598374	23
2018	1.9	3.7	FALSE	5.6	-2.284470612338259	23
2018	1.5	3.7	FALSE	5.2	-2.4967128500223357	23
2018	5.9	4.9	FALSE	10.8	0.4746784775547413	23
2018	6.1	6.5	TRUE	12.6	1.4297685471330868	23
2018	4.6	4.5	FALSE	9.1	-0.42735103260258617	23
2018	4.6	3.7	FALSE	8.3	-0.8518355079707394	18
2018	3.1	1.9	FALSE	5	-2.6028339688643745	18
2018	5.6	4.9	FALSE	10.5	0.3154967992916832	21
2018	4.1	5.4	TRUE	9.5	-0.21510879491850904	21
2018	6.4	6.5	TRUE	12.9	1.588950225396145	21
2018	5.1	3.5	FALSE	8.6	-0.6926538297076823	27
2018	6.7	6.8	TRUE	13.5	1.90731358192226	27
2018	4.9	4.7	TRUE	9.600000000000001	-0.16204823549748906	27
2018	5.1	5.9	TRUE	11	0.5807995963967794	27
2018	4.6	5.2	FALSE	9.8	-0.05592711665545099	8
2018	4.1	4.7	FALSE	8.8	-0.5865327108656433	22
2018	4.6	4	TRUE	8.6	-0.6926538297076823	14
2018	7	7.2	TRUE	14.2	2.278737497869394	1
2018	5.6	5.6	FALSE	11.2	0.6869207152388175	1
2018	5.6	6.2	FALSE	11.8	1.0052840717649336	1
2018	4.9	4	TRUE	8.9	-0.5334721514446242	1
2018	5.9	4.7	FALSE	10.600000000000001	0.36855735871270323	1
2018	5.9	5.6	TRUE	11.5	0.8461023935018754	1
2018	4.1	4.5	FALSE	8.6	-0.6926538297076823	2
2018	5.1	4	FALSE	9.1	-0.42735103260258617	2
2018	3.9	4.9	FALSE	8.8	-0.5865327108656433	2
2018	4.1	5.6	TRUE	9.7	-0.10898767607647097	3
2018	5.4	7.2	TRUE	12.600000000000001	1.4297685471330877	3
2018	4.1	4.7	FALSE	8.8	-0.5865327108656433	3
2018	4.6	6.5	TRUE	11.1	0.6338601558177984	3
2018	5.6	4.7	TRUE	10.3	0.20937568044964514	3
2018	5.6	5.9	TRUE	11.5	0.8461023935018754	3
2018	6.1	5.9	FALSE	12	1.1114051906069715	5
2018	4.9	4.9	TRUE	9.8	-0.05592711665545099	15
2018	5.6	4.9	FALSE	10.5	0.3154967992916832	6
2018	4.2	5.4	FALSE	9.600000000000001	-0.16204823549748906	1
2018	3.1	4.2	FALSE	7.300000000000001	-1.3824411021809317	22
2018	4.4	4.2	FALSE	8.600000000000001	-0.6926538297076813	2
2018	5.4	6.2	TRUE	11.600000000000001	0.8991629529228955	6
2018	4.6	5.6	TRUE	10.2	0.15631512102862516	19
2018	4.9	4.7	FALSE	9.600000000000001	-0.16204823549748906	1
2018	5.9	6.2	TRUE	12.100000000000001	1.1644657500279916	1
2018	5.4	4.2	FALSE	9.600000000000001	-0.16204823549748906	1
2018	6.1	6.5	TRUE	12.6	1.4297685471330868	1
2018	5.4	4.2	FALSE	9.600000000000001	-0.16204823549748906	1
2018	6.7	6.2	TRUE	12.9	1.588950225396145	1
2018	5.6	4.7	FALSE	10.3	0.20937568044964514	1
2018	4.6	4.7	FALSE	9.3	-0.3212299137605471	2
2018	3.9	4	FALSE	7.9	-1.0640777456548165	2
2018	5.1	6.2	TRUE	11.3	0.7399812746598374	2
2018	4.1	6.2	TRUE	10.3	0.20937568044964514	2
2018	5.6	4	FALSE	9.6	-0.16204823549749	2
2018	4.6	4.2	FALSE	8.8	-0.5865327108656433	3
2018	5.4	5.9	FALSE	11.3	0.7399812746598374	3
2018	4.9	4.7	FALSE	9.600000000000001	-0.16204823549748906	3
2018	4.9	4.7	FALSE	9.600000000000001	-0.16204823549748906	5
2018	4.6	4.5	FALSE	9.1	-0.42735103260258617	5
2018	4.4	5.9	FALSE	10.3	0.20937568044964514	5
2018	4.4	4.7	FALSE	9.100000000000001	-0.4273510326025852	5
2018	6.1	5.9	TRUE	12	1.1114051906069715	5
2018	6.7	5.9	FALSE	12.600000000000001	1.4297685471330877	5
2018	2.8	3.7	FALSE	6.5	-1.8069255775490858	5
2018	2.9	2.9	FALSE	5.8	-2.1783494934962206	8
2018	3.9	3.7	FALSE	7.6	-1.2232594239178745	10
2018	4.4	4.9	FALSE	9.3	-0.3212299137605471	10
2018	5.1	4.5	FALSE	9.6	-0.16204823549749	11
2018	4.9	4.5	FALSE	9.4	-0.2681693543395281	11
2018	5.6	5.9	TRUE	11.5	0.8461023935018754	11
2018	6.1	7.7	TRUE	13.8	2.066495260185318	11
2018	5.6	7.7	TRUE	13.3	1.8011924630802219	11
2018	5.4	5.4	FALSE	10.8	0.4746784775547413	11
2018	4.1	3.7	FALSE	7.8	-1.117138305075836	11
2018	5.9	5.4	FALSE	11.3	0.7399812746598374	12
2018	4.9	2.9	FALSE	7.800000000000001	-1.1171383050758354	12
2018	5.1	5.9	FALSE	11	0.5807995963967794	12
2018	5.9	4.9	FALSE	10.8	0.4746784775547413	12
2018	5.6	5.1	TRUE	10.7	0.4216179181337213	14
2018	3.9	4	FALSE	7.9	-1.0640777456548165	16
2018	6.1	5.4	FALSE	11.5	0.8461023935018754	16
2018	3.7	3.5	FALSE	7.2	-1.4355016616019511	15
2018	4.6	3.5	FALSE	8.1	-0.9579566268127784	15
2018	3.9	3.7	FALSE	7.6	-1.2232594239178745	15
2018	4.6	4	FALSE	8.6	-0.6926538297076823	17
2018	5.1	5.4	FALSE	10.5	0.3154967992916832	17
2018	5.4	4.9	FALSE	10.3	0.20937568044964514	17
2018	5.1	5.2	TRUE	10.3	0.20937568044964514	19
2018	5.1	5.4	TRUE	10.5	0.3154967992916832	19
2018	5.9	4.5	TRUE	10.4	0.26243623987066417	19
2018	4.2	5.9	FALSE	10.100000000000001	0.10325456160760707	19
2018	4.1	5.2	FALSE	9.3	-0.3212299137605471	19
2018	4.4	3.5	FALSE	7.9	-1.0640777456548165	19
2018	5.1	4.7	TRUE	9.8	-0.05592711665545099	20
2018	6.1	4.9	FALSE	11	0.5807995963967794	20
2018	5.1	5.4	TRUE	10.5	0.3154967992916832	20
2018	4.9	4	FALSE	8.9	-0.5334721514446242	23
2018	5.6	6.5	FALSE	12.1	1.1644657500279907	23
2018	5.4	5.2	TRUE	10.600000000000001	0.36855735871270323	23
2018	4.1	4.9	FALSE	9	-0.48041159202360517	23
2018	5.1	5.2	TRUE	10.3	0.20937568044964514	26
2018	3.6	4.2	FALSE	7.800000000000001	-1.1171383050758354	26
2018	5.1	5.9	FALSE	11	0.5807995963967794	26
2018	5.1	6.2	FALSE	11.3	0.7399812746598374	18
2018	6.4	6.8	TRUE	13.2	1.748131903659202	18
2018	4.4	5.4	FALSE	9.8	-0.05592711665545099	21
2018	5.4	4.4	FALSE	9.8	-0.05592711665545099	21
2018	4.9	5.2	FALSE	10.100000000000001	0.10325456160760707	21
2018	5.9	5.4	TRUE	11.3	0.7399812746598374	21
2018	3.6	4.7	FALSE	8.3	-0.8518355079707394	25
2018	5.9	5.9	TRUE	11.8	1.0052840717649336	25
2018	3.9	4.5	FALSE	8.4	-0.7987749485497203	25
2018	4.4	5.4	FALSE	9.8	-0.05592711665545099	25
2018	4.9	5.4	FALSE	10.3	0.20937568044964514	25
2018	7	7.2	TRUE	14.2	2.278737497869394	25
2018	4.4	3.2	FALSE	7.6000000000000005	-1.223259423917874	25
2018	2.5	4	FALSE	6.5	-1.8069255775490858	25
2018	4.6	5.6	FALSE	10.2	0.15631512102862516	25
2018	3.6	4	FALSE	7.6	-1.2232594239178745	25
2018	3.9	5.2	FALSE	9.1	-0.42735103260258617	25
2018	4.6	6.8	TRUE	11.399999999999999	0.7930418340808555	25
2018	2.8	3.7	FALSE	6.5	-1.8069255775490858	25
2018	5.9	5.4	FALSE	11.3	0.7399812746598374	25
2018	5.6	5.2	FALSE	10.8	0.4746784775547413	25
2018	6.1	7.7	TRUE	13.8	2.066495260185318	9
2018	5.9	6.2	TRUE	12.100000000000001	1.1644657500279916	9
2018	4.4	5.4	FALSE	9.8	-0.05592711665545099	9
2018	5.4	5.2	FALSE	10.600000000000001	0.36855735871270323	4
2018	5.1	4.9	FALSE	10	0.05019400218658709	4
2018	6.1	7.7	TRUE	13.8	2.066495260185318	4
2018	4.4	4.9	FALSE	9.3	-0.3212299137605471	6
2018	5.1	7.2	FALSE	12.3	1.2705868688700297	6
2018	4.1	4.5	FALSE	8.6	-0.6926538297076823	6
2018	4.9	6.2	TRUE	11.100000000000001	0.6338601558177993	6
2018	4.6	4.7	FALSE	9.3	-0.3212299137605471	6
2018	4.6	4.7	FALSE	9.3	-0.3212299137605471	6
2018	5.6	6.2	FALSE	11.8	1.0052840717649336	6
2018	4.4	4.9	FALSE	9.3	-0.3212299137605471	7
2018	4.9	4.7	TRUE	9.600000000000001	-0.16204823549748906	7
2018	5.4	5.4	TRUE	10.8	0.4746784775547413	7
2018	4.1	3.7	FALSE	7.8	-1.117138305075836	7
2018	4.6	4	FALSE	8.6	-0.6926538297076823	7
2018	4.9	4.5	FALSE	9.4	-0.2681693543395281	7
2018	3.6	4.5	FALSE	8.1	-0.9579566268127784	27
2018	3.6	4.7	FALSE	8.3	-0.8518355079707394	22
2018	4.6	4.5	FALSE	9.1	-0.42735103260258617	8
2018	3.9	4.5	FALSE	8.4	-0.7987749485497203	9
2018	3.6	4.7	FALSE	8.3	-0.8518355079707394	14
2018	5.9	6.2	TRUE	12.100000000000001	1.1644657500279916	8
2018	4.6	4.7	FALSE	9.3	-0.3212299137605471	8
2018	4.6	4.7	FALSE	9.3	-0.3212299137605471	15
2018	2.5	2.9	FALSE	5.4	-2.3905917311802973	16
2018	4.4	5.6	FALSE	10	0.05019400218658709	27
2018	5.4	5.1	FALSE	10.5	0.3154967992916832	8
2018	5.1	5.9	FALSE	11	0.5807995963967794	6
2018	4.4	6.2	FALSE	10.600000000000001	0.36855735871270323	19
2018	5.6	5.9	TRUE	11.5	0.8461023935018754	1
2018	3.9	5.2	FALSE	9.1	-0.42735103260258617	17
2018	4.4	6.2	FALSE	10.600000000000001	0.36855735871270323	6
2018	4.6	4.9	FALSE	9.5	-0.21510879491850904	6
2018	4.4	4	FALSE	8.4	-0.7987749485497203	27
2018	3.6	3.7	FALSE	7.300000000000001	-1.3824411021809317	27
2018	4.4	4.7	FALSE	9.100000000000001	-0.4273510326025852	15
2018	2.8	3.5	FALSE	6.3	-1.9130466963911243	22
2018	4.9	4	FALSE	8.9	-0.5334721514446242	6
2018	2.8	5.4	FALSE	8.2	-0.9048960673917593	6
2018	1.9	3.5	FALSE	5.4	-2.3905917311802973	6
2018	3.1	4.9	FALSE	8	-1.0110171862337975	6
2018	4.9	4	FALSE	8.9	-0.5334721514446242	6
2018	3.6	3.7	FALSE	7.300000000000001	-1.3824411021809317	7
2018	4.1	5.4	TRUE	9.5	-0.21510879491850904	7
2018	2.8	4.2	FALSE	7	-1.5416227804439897	7
2018	4.4	3.5	FALSE	7.9	-1.0640777456548165	8
2018	4.4	2.9	TRUE	7.300000000000001	-1.3824411021809317	10
2018	5.6	4.7	FALSE	10.3	0.20937568044964514	10
2018	4.1	4.2	FALSE	8.3	-0.8518355079707394	10
2018	4.4	4.2	FALSE	8.600000000000001	-0.6926538297076813	8
2018	7	5.9	TRUE	12.9	1.588950225396145	11
2018	5.6	6.5	TRUE	12.1	1.1644657500279907	11
2018	5.1	4.2	FALSE	9.3	-0.3212299137605471	11
2018	5.1	6.5	TRUE	11.6	0.8991629529228945	11
2018	7.3	5.9	TRUE	13.2	1.748131903659202	11
2018	5.4	4.2	FALSE	9.600000000000001	-0.16204823549748906	11
2018	4.1	4.5	FALSE	8.6	-0.6926538297076823	11
2018	5.9	5.6	TRUE	11.5	0.8461023935018754	11
2018	4.4	4.7	FALSE	9.100000000000001	-0.4273510326025852	12
2018	3.6	3.2	FALSE	6.800000000000001	-1.6477438992860278	12
2018	5.6	5.6	TRUE	11.2	0.6869207152388175	12
2018	3.1	3.7	FALSE	6.800000000000001	-1.6477438992860278	12
2018	3.9	2.9	FALSE	6.8	-1.6477438992860283	12
2018	4.4	3.5	FALSE	7.9	-1.0640777456548165	12
2018	5.1	2.9	FALSE	8	-1.0110171862337975	13
2018	3.4	4.5	FALSE	7.9	-1.0640777456548165	16
2018	4.6	4.9	FALSE	9.5	-0.21510879491850904	16
2018	4.9	5.2	FALSE	10.100000000000001	0.10325456160760707	15
2018	3.7	5.4	TRUE	9.100000000000001	-0.4273510326025852	15
2018	5.6	4.9	FALSE	10.5	0.3154967992916832	17
2018	4.9	4.2	FALSE	9.100000000000001	-0.4273510326025852	17
2018	4.4	4	FALSE	8.4	-0.7987749485497203	17
2018	5.1	4.5	FALSE	9.6	-0.16204823549749	17
2018	4.9	5.9	TRUE	10.8	0.4746784775547413	17
2018	4.4	2.9	FALSE	7.300000000000001	-1.3824411021809317	17
2018	6.1	9	TRUE	15.1	2.7562825326585676	17
2018	5.1	5.2	FALSE	10.3	0.20937568044964514	17
2018	5.9	4	FALSE	9.9	-0.0028665572344319496	23
2018	5.1	5.2	FALSE	10.3	0.20937568044964514	23
2018	4.4	3.2	FALSE	7.6000000000000005	-1.223259423917874	23
2018	4.9	5.2	FALSE	10.100000000000001	0.10325456160760707	26
2018	4.9	2.2	FALSE	7.1000000000000005	-1.4885622210229703	26
2018	5.4	2.9	FALSE	8.3	-0.8518355079707394	26
2018	5.4	5.2	TRUE	10.600000000000001	0.36855735871270323	26
2018	6.1	5.6	TRUE	11.7	0.9522235123439136	26
2018	5.1	6.5	TRUE	11.6	0.8991629529228945	18
2018	5.4	4.5	TRUE	9.9	-0.0028665572344319496	18
2018	3.9	4.7	FALSE	8.6	-0.6926538297076823	18
2018	4.9	5.2	TRUE	10.100000000000001	0.10325456160760707	21
2018	4.6	3.5	FALSE	8.1	-0.9579566268127784	21
2018	3.4	5.2	TRUE	8.6	-0.6926538297076823	22
2018	5.1	4.5	FALSE	9.6	-0.16204823549749	22
2018	3.4	5.2	FALSE	8.6	-0.6926538297076823	8
2018	3.9	2.6	FALSE	6.5	-1.8069255775490858	27
2018	5.1	4.9	FALSE	10	0.05019400218658709	14
2018	4.4	5.4	TRUE	9.8	-0.05592711665545099	20
2018	4.9	5.6	FALSE	10.5	0.3154967992916832	1
2018	3.6	4.7	FALSE	8.3	-0.8518355079707394	1
2018	3.6	4.5	FALSE	8.1	-0.9579566268127784	1
2018	4.9	4.7	FALSE	9.600000000000001	-0.16204823549748906	1
2018	4.6	5.6	FALSE	10.2	0.15631512102862516	1
2018	5.4	5.4	TRUE	10.8	0.4746784775547413	1
2018	4.1	5.4	FALSE	9.5	-0.21510879491850904	2
2018	4.9	4.5	FALSE	9.4	-0.2681693543395281	2
2018	4.4	4.7	FALSE	9.100000000000001	-0.4273510326025852	3
2018	4.4	5.2	FALSE	9.600000000000001	-0.16204823549748906	3
2018	5.4	5.4	TRUE	10.8	0.4746784775547413	3
2018	5.9	6.8	TRUE	12.7	1.482829106554106	5
2018	5.9	7.2	TRUE	13.100000000000001	1.695071344238184	5
2018	3.9	4	FALSE	7.9	-1.0640777456548165	5
2018	3.9	5.6	FALSE	9.5	-0.21510879491850904	5
2018	3.4	4.2	FALSE	7.6	-1.2232594239178745	5
2018	4.9	5.4	FALSE	10.3	0.20937568044964514	5
2018	4.1	3.5	FALSE	7.6	-1.2232594239178745	5
2018	5.9	6.2	TRUE	12.100000000000001	1.1644657500279916	5
2018	4.9	4.5	FALSE	9.4	-0.2681693543395281	5
2018	4.6	5.6	FALSE	10.2	0.15631512102862516	5
2018	4.1	4.7	FALSE	8.8	-0.5865327108656433	5
2018	3.4	4.2	FALSE	7.6	-1.2232594239178745	6
2018	3.4	3.2	FALSE	6.6	-1.7538650181280668	6
2018	3.4	4.9	FALSE	8.3	-0.8518355079707394	6
2018	4.4	5.4	FALSE	9.8	-0.05592711665545099	9
2018	4.1	3.7	FALSE	7.8	-1.117138305075836	9
2018	6.7	6.2	TRUE	12.9	1.588950225396145	9
2018	5.4	5.4	FALSE	10.8	0.4746784775547413	9
2018	4.1	5.6	FALSE	9.7	-0.10898767607647097	9
2018	4.6	5.9	TRUE	10.5	0.3154967992916832	9
2018	4.6	3.5	FALSE	8.1	-0.9579566268127784	9
2018	4.9	4.9	FALSE	9.8	-0.05592711665545099	4
2018	4.6	4.7	FALSE	9.3	-0.3212299137605471	4
2018	5.6	5.4	FALSE	11	0.5807995963967794	4
2018	5.1	5.9	TRUE	11	0.5807995963967794	19
2018	5.6	4.7	FALSE	10.3	0.20937568044964514	19
2018	5.1	4.5	FALSE	9.6	-0.16204823549749	20
2018	4.9	5.4	TRUE	10.3	0.20937568044964514	20
2018	5.6	5.2	TRUE	10.8	0.4746784775547413	23
2018	6.4	4.7	TRUE	11.100000000000001	0.6338601558177993	23
2018	5.1	4.2	FALSE	9.3	-0.3212299137605471	23
2018	5.9	4.7	FALSE	10.600000000000001	0.36855735871270323	23
2018	4.4	3.2	FALSE	7.6000000000000005	-1.223259423917874	23
2018	5.1	5.4	FALSE	10.5	0.3154967992916832	23
2018	4.6	4	FALSE	8.6	-0.6926538297076823	22
2018	6.4	5.9	TRUE	12.3	1.2705868688700297	22
2018	5.1	5.9	FALSE	11	0.5807995963967794	25
2018	4.9	4.7	FALSE	9.600000000000001	-0.16204823549748906	25
2018	4.1	3.2	FALSE	7.3	-1.3824411021809322	25
2018	6.4	5.2	TRUE	11.600000000000001	0.8991629529228955	25
2018	4.4	5.4	FALSE	9.8	-0.05592711665545099	25
2018	4.9	5.6	TRUE	10.5	0.3154967992916832	25
2018	4.6	4.9	FALSE	9.5	-0.21510879491850904	25
2018	4.9	4.9	FALSE	9.8	-0.05592711665545099	25
2018	6.1	5.4	FALSE	11.5	0.8461023935018754	25
2018	3.4	5.6	FALSE	9	-0.48041159202360517	25
2018	5.9	4	FALSE	9.9	-0.0028665572344319496	25
2018	5.1	4.7	FALSE	9.8	-0.05592711665545099	25
2018	5.6	5.6	TRUE	11.2	0.6869207152388175	25
2018	6.7	4.9	TRUE	11.600000000000001	0.8991629529228955	5
2018	5.1	7.7	TRUE	12.8	1.5358896659751258	10
2018	5.6	6.5	FALSE	12.1	1.1644657500279907	20
2018	5.4	4.2	FALSE	9.600000000000001	-0.16204823549748906	26
2018	3.6	4.5	FALSE	8.1	-0.9579566268127784	26
2018	5.1	6.2	FALSE	11.3	0.7399812746598374	26
2018	5.6	5.1	TRUE	10.7	0.4216179181337213	26
2018	4.9	5.1	FALSE	10	0.05019400218658709	26
2018	4.9	4.7	FALSE	9.600000000000001	-0.16204823549748906	25
2018	4.4	4.5	FALSE	8.9	-0.5334721514446242	25
2018	5.1	4.5	FALSE	9.6	-0.16204823549749	25
2018	5.6	6.8	TRUE	12.399999999999999	1.3236474282910478	25
2018	5.1	4.5	FALSE	9.6	-0.16204823549749	25
2018	5.4	6.5	TRUE	11.9	1.0583446311859526	25
2018	4.9	5.6	FALSE	10.5	0.3154967992916832	25
2018	3.6	5.2	FALSE	8.8	-0.5865327108656433	25
2018	3.9	5.6	FALSE	9.5	-0.21510879491850904	25
2018	6.1	5.4	FALSE	11.5	0.8461023935018754	25
2018	5.6	4	FALSE	9.6	-0.16204823549749	25
2018	4.4	4.5	FALSE	8.9	-0.5334721514446242	25
2018	5.1	6.2	FALSE	11.3	0.7399812746598374	25
2018	1.9	3.2	FALSE	5.1	-2.5497734094433553	25
2018	4.7	4.7	TRUE	9.4	-0.2681693543395281	18
2018	3.6	4	FALSE	7.6	-1.2232594239178745	18
2018	4.1	3.7	FALSE	7.8	-1.117138305075836	18
2018	5.6	4.2	TRUE	9.8	-0.05592711665545099	21
2018	4.9	4.9	FALSE	9.8	-0.05592711665545099	21
2018	4.9	5.9	FALSE	10.8	0.4746784775547413	21
2018	5.9	5.4	FALSE	11.3	0.7399812746598374	9
2018	3.4	3.2	FALSE	6.6	-1.7538650181280668	9
2018	5.1	7.2	FALSE	12.3	1.2705868688700297	9
2018	5.4	4.4	FALSE	9.8	-0.05592711665545099	9
2018	5.6	4.5	FALSE	10.1	0.10325456160760613	9
2018	4.6	3.7	FALSE	8.3	-0.8518355079707394	9
2018	4.1	5.6	FALSE	9.7	-0.10898767607647097	9
2018	4.6	4.7	FALSE	9.3	-0.3212299137605471	9
2018	5.1	5.2	FALSE	10.3	0.20937568044964514	4
2018	4.9	5.4	FALSE	10.3	0.20937568044964514	4
2018	5.6	5.4	TRUE	11	0.5807995963967794	4
2018	4.4	5.6	FALSE	10	0.05019400218658709	4
2018	3.9	5.6	TRUE	9.5	-0.21510879491850904	4
2018	1.9	1.8	FALSE	3.7	-3.292621241337624	2
2018	4.9	4.5	TRUE	9.4	-0.2681693543395281	10
2018	3.9	5.2	FALSE	9.1	-0.42735103260258617	10
2018	4.4	3.7	FALSE	8.100000000000001	-0.9579566268127775	10
2018	3.1	4.2	FALSE	7.300000000000001	-1.3824411021809317	10
2018	5.1	5.4	FALSE	10.5	0.3154967992916832	11
2018	3.4	5.2	FALSE	8.6	-0.6926538297076823	11
2018	4.9	5.6	FALSE	10.5	0.3154967992916832	11
2018	4.6	4.5	FALSE	9.1	-0.42735103260258617	11
2018	5.4	4.7	TRUE	10.100000000000001	0.10325456160760707	11
2018	4.6	4.7	FALSE	9.3	-0.3212299137605471	11
2018	4.1	4.5	FALSE	8.6	-0.6926538297076823	11
2018	4.6	5.2	FALSE	9.8	-0.05592711665545099	11
2018	5.1	6.2	TRUE	11.3	0.7399812746598374	11
2018	2.8	4.2	FALSE	7	-1.5416227804439897	11
2018	5.9	6.8	FALSE	12.7	1.482829106554106	11
2018	4.1	4.7	FALSE	8.8	-0.5865327108656433	11
2018	5.1	4.2	FALSE	9.3	-0.3212299137605471	11
2018	2.5	3.5	FALSE	6	-2.072228374654182	12
2018	5.4	4	FALSE	9.4	-0.2681693543395281	17
2018	4.4	4	FALSE	8.4	-0.7987749485497203	17
2018	4.6	5.9	TRUE	10.5	0.3154967992916832	17
2018	5.6	5.4	FALSE	11	0.5807995963967794	17
2018	5.4	5.6	FALSE	11	0.5807995963967794	17
2018	4.9	5.2	TRUE	10.100000000000001	0.10325456160760707	17
2018	4.6	4.5	FALSE	9.1	-0.42735103260258617	17
2018	4.4	4.2	FALSE	8.600000000000001	-0.6926538297076813	17
2018	4.6	4	FALSE	8.6	-0.6926538297076823	12
2018	4.9	6.2	FALSE	11.100000000000001	0.6338601558177993	12
2018	5.6	5.2	FALSE	10.8	0.4746784775547413	12
2018	2.8	3.7	FALSE	6.5	-1.8069255775490858	12
2018	5.4	5.4	FALSE	10.8	0.4746784775547413	12
2018	2.2	4.5	FALSE	6.7	-1.7008044587070472	12
2018	2.5	2.6	FALSE	5.1	-2.5497734094433553	13
2018	3.4	3.5	FALSE	6.9	-1.5946833398650087	15
2018	5.1	4	FALSE	9.1	-0.42735103260258617	14
2018	5.1	4.5	FALSE	9.6	-0.16204823549749	14
2018	5.1	5.9	TRUE	11	0.5807995963967794	14
2018	4.6	4.2	FALSE	8.8	-0.5865327108656433	16
2018	4.6	4.9	FALSE	9.5	-0.21510879491850904	16
2018	5.4	4.7	FALSE	10.100000000000001	0.10325456160760707	16
2018	4.9	5.4	FALSE	10.3	0.20937568044964514	22
2018	4.1	4.7	FALSE	8.8	-0.5865327108656433	27
2018	6.4	4.9	FALSE	11.3	0.7399812746598374	27
2018	3.9	4.7	FALSE	8.6	-0.6926538297076823	6
2018	4.9	5.1	TRUE	10	0.05019400218658709	6
2018	2.8	4.9	FALSE	7.7	-1.170198864496855	6
2018	5.6	5.6	TRUE	11.2	0.6869207152388175	6
2018	5.9	8.3	TRUE	14.200000000000001	2.278737497869395	6
2018	5.1	4.5	FALSE	9.6	-0.16204823549749	6
2018	2.8	4.5	FALSE	7.3	-1.3824411021809322	6
2018	3.1	3.2	FALSE	6.300000000000001	-1.913046696391124	6
2018	5.9	5.9	FALSE	11.8	1.0052840717649336	7
2018	4.4	3.7	FALSE	8.100000000000001	-0.9579566268127775	7
2018	6.1	6.8	TRUE	12.899999999999999	1.5889502253961438	7
2018	4.1	2.6	FALSE	6.699999999999999	-1.7008044587070479	7
2018	5.9	7.2	TRUE	13.100000000000001	1.695071344238184	7
2018	4.4	5.2	FALSE	9.600000000000001	-0.16204823549748906	7
2018	6.4	5.2	TRUE	11.600000000000001	0.8991629529228955	8
2018	5.4	5.4	FALSE	10.8	0.4746784775547413	8
2018	3.4	3.5	FALSE	6.9	-1.5946833398650087	23
2018	4.4	4.9	FALSE	9.3	-0.3212299137605471	23
2018	3.4	4.7	FALSE	8.1	-0.9579566268127784	23
2018	4.1	3.7	FALSE	7.8	-1.117138305075836	23
2018	3.9	4.5	FALSE	8.4	-0.7987749485497203	23
2018	5.9	6.5	TRUE	12.4	1.3236474282910486	23
2018	4.1	3.5	FALSE	7.6	-1.2232594239178745	23
2018	5.6	5.9	FALSE	11.5	0.8461023935018754	19
2018	4.4	4	FALSE	8.4	-0.7987749485497203	19
2018	5.6	5.6	TRUE	11.2	0.6869207152388175	19
2018	4.4	2.9	FALSE	7.300000000000001	-1.3824411021809317	20
2018	5.4	4.7	FALSE	10.100000000000001	0.10325456160760707	20
2018	4.6	5.6	TRUE	10.2	0.15631512102862516	20
2018	4.9	4.5	FALSE	9.4	-0.2681693543395281	20
2018	6.1	5.6	FALSE	11.7	0.9522235123439136	20
2018	3.6	3.7	FALSE	7.300000000000001	-1.3824411021809317	9
2018	3.6	4.2	FALSE	7.800000000000001	-1.1171383050758354	9
2018	2.5	2.9	FALSE	5.4	-2.3905917311802973	8
2018	2.6	3.7	FALSE	6.300000000000001	-1.913046696391124	8
2018	3.1	4.7	FALSE	7.800000000000001	-1.1171383050758354	14
2018	4.6	4.7	FALSE	9.3	-0.3212299137605471	8
2018	4.6	3.7	FALSE	8.3	-0.8518355079707394	15
2018	5.1	4.5	FALSE	9.6	-0.16204823549749	9
2018	4.6	5.6	TRUE	10.2	0.15631512102862516	15
2018	2.8	4.2	FALSE	7	-1.5416227804439897	14
2018	3.9	4.2	FALSE	8.1	-0.9579566268127784	15
2018	3.6	4.2	FALSE	7.800000000000001	-1.1171383050758354	8
2018	4.9	4.7	FALSE	9.600000000000001	-0.16204823549748906	14
2018	3.4	4	FALSE	7.4	-1.3293805427599126	9
2018	3.1	2.2	FALSE	5.300000000000001	-2.443652290601316	9
2018	4.6	4.7	FALSE	9.3	-0.3212299137605471	15
2018	3.1	3.2	FALSE	6.300000000000001	-1.913046696391124	15
2018	4.4	4.2	TRUE	8.600000000000001	-0.6926538297076813	28
2018	5.1	4.9	FALSE	10	0.05019400218658709	1
2018	5.6	5.4	TRUE	11	0.5807995963967794	1
2018	4.1	5.9	FALSE	10	0.05019400218658709	1
2018	5.1	5.2	TRUE	10.3	0.20937568044964514	1
2018	5.9	6.2	TRUE	12.100000000000001	1.1644657500279916	1
2018	5.4	4.5	FALSE	9.9	-0.0028665572344319496	1
2018	5.4	4.9	FALSE	10.3	0.20937568044964514	2
2018	2.5	4.5	FALSE	7	-1.5416227804439897	2
2018	7.3	6.2	FALSE	13.5	1.90731358192226	3
2018	4.9	5.6	FALSE	10.5	0.3154967992916832	3
2018	3.9	3.5	FALSE	7.4	-1.3293805427599126	3
2018	5.4	2.6	FALSE	8	-1.0110171862337975	3
2018	4.9	6.2	FALSE	11.100000000000001	0.6338601558177993	5
2018	3.7	3.7	FALSE	7.4	-1.3293805427599126	5
2018	4.6	4.7	FALSE	9.3	-0.3212299137605471	5
2018	4.4	4.9	FALSE	9.3	-0.3212299137605471	5
2018	3.9	5.2	FALSE	9.1	-0.42735103260258617	5
2018	3.9	3.7	FALSE	7.6	-1.2232594239178745	5
2018	3.6	3.5	FALSE	7.1	-1.4885622210229708	5
2018	5.1	5.6	TRUE	10.7	0.4216179181337213	5
2018	4.9	2.2	FALSE	7.1000000000000005	-1.4885622210229703	5
2018	4.9	5.2	FALSE	10.100000000000001	0.10325456160760707	5
2018	3.9	4.2	FALSE	8.1	-0.9579566268127784	5
2018	5.1	5.2	FALSE	10.3	0.20937568044964514	5
2018	3.9	5.9	TRUE	9.8	-0.05592711665545099	6
2018	3.9	4	FALSE	7.9	-1.0640777456548165	12
2018	3.4	2.6	FALSE	6	-2.072228374654182	13
2018	3.6	4.5	FALSE	8.1	-0.9579566268127784	7
2018	4.1	4	FALSE	8.1	-0.9579566268127784	24
2018	3.9	4.7	FALSE	8.6	-0.6926538297076823	6
2018	3.1	3.7	FALSE	6.800000000000001	-1.6477438992860278	26
2018	4.6	4.7	FALSE	9.3	-0.3212299137605471	11
2018	4.1	3.5	FALSE	7.6	-1.2232594239178745	5
2018	4.1	2.2	FALSE	6.3	-1.9130466963911243	24
2018	4.4	3.2	FALSE	7.6000000000000005	-1.223259423917874	18
2018	5.4	3.5	FALSE	8.9	-0.5334721514446242	24
2018	6.4	4.7	FALSE	11.100000000000001	0.6338601558177993	23
2018	2.5	2.6	FALSE	5.1	-2.5497734094433553	26
2018	3.9	3.2	FALSE	7.1	-1.4885622210229708	27
2018	4.9	5.2	FALSE	10.100000000000001	0.10325456160760707	7
2018	3.1	4.2	FALSE	7.300000000000001	-1.3824411021809317	17
2018	4.1	3.7	FALSE	7.8	-1.117138305075836	26
2018	4.9	6.2	FALSE	11.100000000000001	0.6338601558177993	1
2018	4.1	2.6	FALSE	6.699999999999999	-1.7008044587070479	12
2018	4.6	4.2	FALSE	8.8	-0.5865327108656433	26
2018	1.5	3.7	FALSE	5.2	-2.4967128500223357	3
2018	4.9	6.5	TRUE	11.4	0.7930418340808565	11
2018	4.1	4.7	FALSE	8.8	-0.5865327108656433	3
2018	5.1	4.2	FALSE	9.3	-0.3212299137605471	27
2018	3.4	2.9	FALSE	6.3	-1.9130466963911243	12
2018	4.1	3.7	FALSE	7.8	-1.117138305075836	12
2018	2.5	4.5	FALSE	7	-1.5416227804439897	9
2018	5.4	5.4	FALSE	10.8	0.4746784775547413	9
2018	5.6	4.2	FALSE	9.8	-0.05592711665545099	26
2018	4.4	4.7	FALSE	9.100000000000001	-0.4273510326025852	19
2018	4.4	4.7	FALSE	9.100000000000001	-0.4273510326025852	3
2018	4.9	5.2	TRUE	10.100000000000001	0.10325456160760707	9
2018	3.9	2.9	FALSE	6.8	-1.6477438992860283	28
2018	5.9	4.5	FALSE	10.4	0.26243623987066417	5
2018	5.6	5.9	FALSE	11.5	0.8461023935018754	27
2018	3.1	1.8	FALSE	4.9	-2.655894528285393	28
2018	8	9	FALSE	17	3.764433161657933	13
2018	2.8	2.9	FALSE	5.699999999999999	-2.2314100529172403	13
2018	3.6	5.2	FALSE	8.8	-0.5865327108656433	5
2018	3.6	4.9	FALSE	8.5	-0.7457143891287014	27
2018	4.1	5.9	FALSE	10	0.05019400218658709	14
2018	3.6	3.2	FALSE	6.800000000000001	-1.6477438992860278	28
2018	3.1	3.2	FALSE	6.300000000000001	-1.913046696391124	20
2018	4.1	4.7	FALSE	8.8	-0.5865327108656433	8
2018	5.4	3.2	FALSE	8.600000000000001	-0.6926538297076813	21
2018	4.9	7.2	TRUE	12.100000000000001	1.1644657500279916	6
2018	4.6	4.7	FALSE	9.3	-0.3212299137605471	6
2018	4.4	4.5	FALSE	8.9	-0.5334721514446242	24
2018	5.4	6.2	TRUE	11.600000000000001	0.8991629529228955	7
2018	3.6	4	FALSE	7.6	-1.2232594239178745	26
2018	3.4	2.2	FALSE	5.6	-2.284470612338259	26
2018	4.1	5.2	FALSE	9.3	-0.3212299137605471	18
2018	5.4	4.7	TRUE	10.100000000000001	0.10325456160760707	21
2018	4.1	3.7	FALSE	7.8	-1.117138305075836	28
2018	4.1	1.8	FALSE	5.8999999999999995	-2.1252889340752015	28
2018	4.9	5.9	TRUE	10.8	0.4746784775547413	11
2018	4.9	5.4	FALSE	10.3	0.20937568044964514	11
2018	3.1	4.2	FALSE	7.300000000000001	-1.3824411021809317	12
2018	1.5	2.9	FALSE	4.4	-2.9211973253904895	12
2018	5.9	4.7	TRUE	10.600000000000001	0.36855735871270323	12
2018	4.1	5.4	TRUE	9.5	-0.21510879491850904	12
2018	4.6	5.2	TRUE	9.8	-0.05592711665545099	23
2018	5.6	8.3	FALSE	13.9	2.119555819606337	17
2018	3.6	4	FALSE	7.6	-1.2232594239178745	25
2018	3.1	3.2	FALSE	6.300000000000001	-1.913046696391124	25
2018	3.9	4	FALSE	7.9	-1.0640777456548165	24
2018	4.6	3.2	TRUE	7.8	-1.117138305075836	28
2018	3.9	3.5	FALSE	7.4	-1.3293805427599126	28
2018	2.8	1.8	FALSE	4.6	-2.815076206548451	28
